Ziehung	Tag	Monat	Jahr	Zahl1	Zahl2	Zahl3	Zahl4	Zahl5	Zahl6	Zusatz	Super	Einsatz(EUR)	Quote GKI(EUR)	Anzahl GKI	Quote GKII(EUR)	Anzahl GKII	Quote GKIII(EUR)	Anzahl GKIII	Quote GKIV(EUR)	Anzahl GKIV	Quote GKV(EUR)	Anzahl GKV	Quote GKVI(EUR)	Anzahl GKVI	Quote GKVII(EUR)	Anzahl GKVII	Quote GKVIII(EUR)	Anzahl GKVIII	Anzahl GKIX	Quote GKIX(EUR)
Sa	3	1	2015	19	37	17	36	38	28	 	6	50816145	8172150,8	Jackpot	1873526,4	1	10767,3	87	3552,8	791	235,3	3981	51	36676	22,7	82429	11,4	739117	5	684115
Mi	7	1	2015	17	46	41	42	10	43	 	3	24760174	9756801,9	Jackpot	909049,5	Jackpot	16834,2	27	5368,4	254	206,7	2198	51,2	17742	21,2	42792	12	339490	5	340988
Sa	10	1	2015	43	5	32	19	20	11	 	6	53018077	15980811,9	1	0	Jackpot	8074,8	119	2831,7	1018	163,2	5886	35,7	53768	17,6	108663	8,9	963132	5	779569
Mi	14	1	2015	33	19	38	1	46	39	 	5	22323766	1428721	Jackpot	806630,1	Jackpot	13907,4	29	5062,5	239	207,7	1941	50,5	15968	19,1	42016	10,8	333593	5	333372
Sa	17	1	2015	8	29	22	47	11	46	 	1	49475148	4595130,4	1	674936,2	4	22012,9	43	5008,2	567	301,5	3139	59,3	31885	29,6	63865	12,9	660186	5	528003
Mi	21	1	2015	41	11	48	15	12	29	 	9	21699552	1388771,3	Jackpot	818594,4	Jackpot	12402,9	33	5931,8	207	282	1451	58,5	13990	27,1	30129	12,6	292308	5	255012
Sa	24	1	2015	18	27	7	37	47	1	 	8	48649142	1500772,1	3	161204,1	16	1636,3	538	574,7	4595	99	8890	23,4	75223	17,5	100133	9,6	822279	5	720861
Mi	28	1	2015	38	43	22	8	47	6	 	6	21377827	1368180,9	Jackpot	784326,2	1	10320	38	4406,3	267	184,1	2130	45,1	17369	19,3	40534	11	320453	5	295494
Sa	31	1	2015	46	47	42	7	45	27	 	5	49312553	4524184,2	Jackpot	601387,4	3	18409,8	49	6765,6	400	207,9	4338	51,7	34870	19,9	90372	11,5	705429	5	691730
Mi	4	2	2015	29	22	37	40	49	21	 	2	23456601	6025406,6	Jackpot	896093,3	1	14453,1	31	7551,3	178	321,8	1392	69,9	12818	30,6	29199	14,3	280291	5	253229
Sa	7	2	2015	47	25	12	14	23	13	 	9	50759968	9274044,5	Jackpot	1888693,1	1	17487,8	54	4504	629	249,6	3782	51,7	36478	23,3	80877	11	769870	5	648883
Mi	11	2	2015	26	27	28	25	6	47	 	5	25218029	10887998,3	Jackpot	904216,5	1	12917,3	35	3260,3	416	153,1	2953	39,7	22770	18	50148	10,5	385997	5	390579
Sa	14	2	2015	42	36	29	21	41	23	 	3	53810663	14331880,7	Jackpot	675091,8	3	17765,5	57	6589,8	461	277,8	3644	66	30664	26,3	76757	14,1	642791	5	641739
Mi	18	2	2015	44	24	31	46	42	27	 	6	27524446	16093445,2	Jackpot	1014228,8	1	13002,9	39	4371,6	348	206,9	2451	49,7	20378	21,1	47927	11,4	399734	5	371674
Sa	21	2	2015	41	18	3	31	35	42	 	1	55852291	9833995,9	2	1056081,1	2	8656,4	122	3762,7	842	208,3	5068	43,6	48419	24,5	86004	10,7	887353	5	645995
Mi	25	2	2015	20	38	43	25	30	27	 	0	22249397	1423961,4	Jackpot	429159,1	2	22587,3	19	5342,2	241	289,5	1482	48,1	17841	30,5	28105	11,5	335051	5	223511
Sa	28	2	2015	2	45	41	49	20	25	 	0	50216337	4637806,9	Jackpot	1943344,2	Jackpot	21592,7	45	4464	653	308,4	3150	52,5	36986	30,4	63914	11,6	750352	5	492176
Mi	4	3	2015	3	16	48	22	46	36	 	7	24257225	6190269,3	1	1417675,1	2	13515,2	33	5267,7	254	207,5	2149	54,8	16259	22,3	39862	12,6	316067	5	331218
Sa	7	3	2015	6	19	41	16	7	1	 	5	49140879	3145016,2	Jackpot	344956,3	5	5258,4	164	2016,5	1283	112,9	7636	28,5	60501	13,9	124036	8	964297	5	835521
Mi	11	3	2015	4	8	42	10	32	28	 	6	22830935	4606196	Jackpot	413542,6	2	10882,7	38	3326	373	161,6	2559	39,3	20997	17,3	47606	9,5	390103	5	336687
Sa	14	3	2015	15	43	48	39	21	23	 	1	51055416	7873742,6	1	1968057,1	1	17263,6	57	4648,9	635	297,9	3303	56,3	34927	30,8	63853	13	676784	5	515918
Mi	18	3	2015	40	6	23	25	46	12	 	9	21510601	1376678,4	Jackpot	397949,6	2	6744,9	59	2502,8	477	183,7	2166	36,6	21743	20,3	39062	9,5	376484	5	283926
Sa	21	3	2015	30	4	5	19	41	3	 	1	47941761	4444951,1	1	222111,6	8	7593,5	117	1986	1342	148,5	5979	28,3	62645	18,3	96860	7,9	1012010	5	626735
Mi	25	3	2015	27	13	39	19	16	48	 	1	21047649	1347049,5	Jackpot	396253,9	2	8086,8	49	1860,3	639	188,6	2100	37	21410	22,7	34768	9,8	360571	5	250339
Sa	28	3	2015	30	7	46	26	6	27	 	4	47776112	4404720,6	Jackpot	1752603,9	1	8941,8	98	3777,1	696	195,2	4487	40,1	43646	20,3	86114	9,6	818303	5	660869
Mi	1	4	2015	22	29	38	7	16	32	 	8	23006962	5877166,1	Jackpot	840229	1	13552	31	3751	336	216,6	1939	46,3	18119	20,2	41449	10,6	354413	5	325749
Sa	4	4	2015	43	23	34	12	28	20	 	8	51500861	9173221,2	Jackpot	1909012	1	13257	72	4988,7	574	220,5	4328	53,3	35784	22,8	83376	12,3	694079	5	672851
Mi	8	4	2015	20	44	41	37	14	47	 	9	23420900	10672158,8	Jackpot	896099,2	Jackpot	22402,4	20	5508,8	244	288,6	1552	59,6	15023	28,3	31617	13	310032	5	250104
Sa	11	4	2015	46	47	36	2	15	11	 	6	52697263	14044783,6	Jackpot	2859859,8	1	15105,8	65	5999,2	491	253,4	3874	62,6	31360	24,8	79173	13,3	663549	5	667680
Mi	15	4	2015	33	39	46	29	14	37	 	7	26135898	15717481	Jackpot	961974,1	Jackpot	13742,4	35	5841,9	247	216,8	2218	56,3	17073	21,8	43994	12,6	343273	5	355102
Sa	18	4	2015	5	44	3	17	39	14	 	7	54105552	19180236,3	Jackpot	1445806,5	2	10264	94	3163,3	915	160,2	6021	42,1	45773	16,9	113853	9,9	872606	5	858726
Mi	22	4	2015	34	21	11	22	35	4	 	7	29333316	21057568,5	Jackpot	535830,7	2	9238,4	58	3580,1	449	187,1	2863	43,5	24628	19,7	54335	10,7	448181	5	414542
Sa	25	4	2015	3	1	36	7	11	23	 	6	57265834	24722581,8	Jackpot	412478,3	5	5574	185	1835,9	1685	111	9282	24,8	83127	14,9	137691	7,7	1199722	5	868797
Mi	29	4	2015	43	38	41	7	20	9	 	6	32330457	26791731	Jackpot	587344,7	2	9473,3	62	2874,4	613	175,4	3347	41,7	28140	19,2	60980	10,2	518008	5	469837
Sa	2	5	2015	3	18	45	9	6	7	 	9	60678107	15337564,9	2	547202,1	4	5162,2	212	2105,9	1559	105,8	10341	24	90884	14,7	148392	7,2	1360024	5	913514
Mi	6	5	2015	38	6	26	2	40	43	 	7	22932042	1467650,6	Jackpot	831800	1	8487,7	49	3058	408	122,1	3406	28,6	29046	17,7	46766	9,7	384129	5	336074
Sa	9	5	2015	7	29	35	14	41	13	 	3	49910569	4661927	Jackpot	1846918,8	Jackpot	9520,2	97	4015	690	197,4	4677	48	38404	21,3	86460	11,3	729236	5	658364
Mi	13	5	2015	39	20	49	3	7	27	 	1	23941182	6194162,6	Jackpot	2738785,3	1	11735	38	2940,2	455	193	2310	36,4	24488	21,4	41502	9,1	439572	5	303938
Sa	16	5	2015	34	16	15	47	14	40	 	5	49439855	9358313,3	Jackpot	612137,7	3	15303,4	60	6973,7	395	277,2	3312	74,3	24696	25,9	70815	15,2	540517	5	638329
Mi	20	5	2015	33	38	26	2	11	30	 	7	24778945	10944165,7	Jackpot	876309,5	Jackpot	7426,3	59	2870	458	129,4	3385	33,6	26038	14,9	58723	8,6	455110	5	408105
Sa	23	5	2015	28	46	4	6	14	27	 	0	51835715	14261651,4	1	959509,2	3	15890,6	63	4218,1	712	286,5	3494	48,1	41557	29,8	66977	11,2	798387	5	515638
Mi	27	5	2015	4	11	14	29	8	12	 	2	21136219	1352718	Jackpot	196492,2	4	7705,5	51	1871,3	630	150,1	2617	29,3	26746	19,6	39959	8,8	397447	5	271140
Sa	30	5	2015	31	3	24	2	44	11	 	0	48241441	4440170,2	Jackpot	457745	4	13267,9	69	3281,3	837	223,7	4092	36,2	50499	23,8	76634	8,7	936962	5	544693
Mi	3	6	2015	48	20	37	23	8	24	 	6	23059778	5915995,9	Jackpot	846698,3	1	10855,1	39	3932	323	204,3	2072	52	16256	20,8	40649	11,4	332038	5	317416
Sa	6	6	2015	15	22	29	48	41	16	 	0	48133445	8996536,3	Jackpot	1898214,7	1	24336	39	6230,4	457	450,4	2107	73	25979	42,5	44574	15,9	535953	5	400807
Mi	10	6	2015	45	34	12	2	40	22	 	0	23956413	10529746,7	Jackpot	465150	2	12240,7	38	3354,4	416	290,5	1601	49	18957	32	29054	12,1	345919	5	228399
Sa	13	6	2015	43	5	4	26	1	18	 	0	50316729	13750017,3	Jackpot	1931186,3	Jackpot	13994,1	69	4045,7	716	252,9	3818	43,6	44265	26,6	72337	10,1	852784	5	525246
Mi	17	6	2015	12	15	48	8	37	41	 	2	25721124	15396169,2	Jackpot	1455138,1	2	12552,4	39	4256,9	345	267,2	1832	53,8	18196	28,6	34124	12,6	349265	5	284702
Sa	20	6	2015	6	21	32	38	16	35	 	4	52648633	18765681,7	Jackpot	195679,1	10	8658,3	113	2949,9	995	180,6	5416	39,3	49773	20,1	97283	9,9	885788	5	677378
Mi	24	6	2015	33	16	20	31	45	42	 	3	28797070	20608694,1	Jackpot	176458	6	6378	83	2646,8	600	162,7	3252	40,7	26013	20,4	51709	11,1	428520	5	393608
Sa	27	6	2015	41	33	29	19	3	28	 	7	54751714	24112803,7	Jackpot	646976,9	3	7083,6	137	3178,3	916	147,8	6564	39,7	48811	16	120639	9,6	908770	5	892488
Mi	1	7	2015	42	11	35	41	10	37	 	2	30217153	26046701,4	Jackpot	1140435,3	Jackpot	16291,9	35	4635,9	369	283,1	2014	54,8	20804	26,1	43559	11,8	434690	5	354065
Sa	4	7	2015	47	17	42	14	32	18	 	1	56834052	29684080,7	Jackpot	1096004,6	3	11799,8	91	3706,9	869	241,8	4440	44,3	48474	25	85795	10,8	894081	5	660772
Mi	8	7	2015	13	33	5	38	12	39	 	4	41253884	33832008,6	1	0	Jackpot	14496,9	52	3919,4	577	200	3769	42,4	35521	19,9	75736	9,5	707312	5	581980
Sa	11	7	2015	30	19	11	42	20	35	 	9	49424535	1581585,1	2	460493,9	4	10835,1	85	4378,7	631	229,2	4018	48,9	37614	23,1	79731	11	746831	5	625868
Mi	15	7	2015	43	18	34	48	45	9	 	2	25044733	1602862,9	Jackpot	949364,8	1	8956,2	53	3288,7	433	222,2	2136	43,8	21674	24,3	38935	10,9	389405	5	285171
Sa	18	7	2015	17	18	31	30	5	42	 	6	47255182	4627194,5	1	341383,5	5	7976,2	107	2963,3	864	166,7	5118	38,8	43956	18	94774	9,5	806242	5	706816
Mi	22	7	2015	43	22	18	33	20	19	 	7	21246700	1359788,8	Jackpot	769667,1	Jackpot	22637,2	17	7126,5	162	240,6	1599	58,4	13170	20,9	36678	12	286987	5	313378
Sa	25	7	2015	30	46	41	4	47	17	 	6	46874174	4359735,9	Jackpot	622427,2	4	8349,7	103	3042,5	848	169,7	5066	41,2	41742	19,6	87636	10,4	741551	5	647344
Mi	29	7	2015	44	30	37	25	18	39	 	5	22590842	5805549,7	Jackpot	406145,8	2	8829,2	46	3868	315	170,7	2379	46,6	17408	17,7	45665	10,6	341941	5	345338
Sa	1	8	2015	36	20	31	16	7	4	 	4	49123172	8949432,7	Jackpot	304241,4	6	8006,3	114	2451,3	1117	172,3	5297	37,6	48438	20,7	87799	10	814731	5	632643
Mi	5	8	2015	7	15	10	38	35	39	 	1	24564221	10521542,8	Jackpot	929091	Jackpot	13663,1	34	4660,9	299	271,6	1710	50,8	18265	26,3	35261	11,3	369391	5	283818
Sa	8	8	2015	42	13	29	48	36	7	 	0	50351080	13744011,9	1	575749,8	5	14997,3	65	3217,2	909	289,1	3371	48,5	40152	31,6	61647	12,2	716417	5	491298
Mi	12	8	2015	45	10	6	15	28	24	 	9	21409967	1370237,8	Jackpot	801964,5	1	15422,3	26	3417,4	352	216,8	1849	41,6	19253	22,6	35463	10,3	348715	5	263020
Sa	15	8	2015	9	42	26	14	3	30	 	3	46401707	4339947	Jackpot	210474	8	6957,8	121	2265,1	1115	141,8	5934	35	48068	17,8	94363	9,5	793282	5	678644
Mi	19	8	2015	24	28	22	48	38	16	 	2	22370272	5771644,4	Jackpot	847808,8	Jackpot	15700,1	27	4076	312	239,4	1770	45,5	18597	24,5	34596	11,1	342689	5	255070
Sa	22	8	2015	2	46	26	44	3	45	 	7	47928391	8839061,4	Jackpot	2594167,6	1	10394,9	84	4055	646	237,7	3672	63,2	27616	22,1	78849	12,9	608258	5	686638
Mi	26	8	2015	3	26	36	42	16	30	 	2	23861960	10366226,8	Jackpot	903607,9	1	10040	45	3115,8	435	197,1	2292	40,4	22358	24,9	36222	11	366745	5	273547
Sa	29	8	2015	23	8	28	16	12	44	 	8	50235933	13581326,5	Jackpot	1813960,6	Jackpot	8397,9	108	3384,2	804	156,6	5789	42,1	43064	17	106122	10,4	783505	5	752652
Mi	2	9	2015	2	16	35	18	3	20	 	1	26495194	15277018,9	Jackpot	1408548,7	2	18576,6	27	4869,5	309	253,1	1981	50,6	19812	25,8	38747	11,4	394882	5	304107
Sa	5	9	2015	1	47	43	13	22	12	 	1	53300449	18688247,6	Jackpot	2040747,5	1	19622,5	52	5136,1	596	316,6	3222	59	34556	30,2	67457	12,8	713418	5	566304
Mi	9	9	2015	2	19	44	26	46	28	 	2	28746137	20528000,3	Jackpot	1082340,5	Jackpot	20043,3	27	5393,7	301	271,5	1993	54,5	19859	25,9	41700	12,2	397172	5	341982
Sa	12	9	2015	6	2	28	26	22	15	 	5	56005262	24112337	Jackpot	3111425,9	1	8822,1	115	2852,5	1067	144,8	7004	38,6	52521	17,9	112783	10,5	867526	5	825488
Mi	16	9	2015	30	1	24	5	42	4	 	2	32758316	26208869,2	Jackpot	1229069,5	1	12290,6	50	4317,5	427	233,6	2630	47,3	25936	23,6	51921	10,7	516461	5	398386
Sa	19	9	2015	8	17	12	37	44	29	 	3	61872390	30168702,1	Jackpot	286037,9	8	12043,7	95	3776	909	209,7	5455	47,2	48480	21,8	104795	11,2	919029	5	818666
Mi	23	9	2015	33	24	14	18	10	44	 	9	47940163	33236872,5	1	297372,1	6	5947,4	150	2038,3	1313	170,9	5220	36,4	48988	20,5	86852	9,6	830218	5	611916
Sa	26	9	2015	34	6	33	31	16	15	 	7	49805759	3187568,5	Jackpot	599427,5	3	7310	123	3388,7	796	177,2	5072	46,1	38953	18,7	95692	10,8	744114	5	746497
Mi	30	9	2015	16	39	49	2	1	22	 	8	23906073	4717557,1	Jackpot	445102,3	2	21195,3	21	5195,7	257	251,7	1768	54,1	16436	23,6	37612	11,8	337760	5	304200
Sa	3	10	2015	41	31	40	32	33	18	 	8	46707900	7706862,7	1	337683,1	5	4936,8	171	1975,5	1282	151,7	5562	34,8	48387	17	99091	9	842002	5	696097
Mi	7	10	2015	25	33	28	7	11	12	 	4	22177246	1419343,7	Jackpot	795526,4	Jackpot	9040	44	2480,8	481	134,1	2965	28,6	27775	15,4	51375	7,4	478146	5	342803
Sa	10	10	2015	49	40	26	5	38	37	 	1	48299031	4510481,6	Jackpot	2624324,1	1	11574,6	79	4106,5	668	234,1	3906	45,3	40294	23,9	76467	10	816636	5	554080
Mi	14	10	2015	22	28	17	15	41	29	 	5	23319940	6002957,7	Jackpot	428991,4	2	11289,2	38	5127,3	251	186,8	2296	48,5	17662	21,4	39996	12,4	309388	5	317533
Sa	17	10	2015	28	41	10	19	23	9	 	0	49372915	9162824,2	Jackpot	464010,2	4	11317,3	82	2429,3	1146	181,5	5113	30,9	59967	21,2	87537	8,2	1011676	5	593236
Mi	21	10	2015	17	4	24	39	49	18	 	2	24759230	10747414,9	Jackpot	913571,4	Jackpot	12345,5	37	3713,7	369	197,7	2310	40,6	22449	20,2	45128	9,4	434682	5	331862
Sa	24	10	2015	18	6	36	4	29	22	 	2	51172477	14022453,4	Jackpot	710725,9	4	13398,1	72	3520,6	822	222,8	4329	45,2	42596	23,5	81906	11	786822	5	603575
Mi	28	10	2015	47	29	49	1	18	33	 	0	26652110	15728188,4	1	342015,8	3	14250,6	36	3427,7	449	246,6	2080	45,6	22466	27,7	36962	11,3	406287	5	271969
Sa	31	10	2015	29	7	17	26	40	9	 	9	48491609	3103462,9	1	291848,3	6	5612,4	156	1915,8	1371	126,3	6928	28,9	60414	16	109193	8	979736	5	726288
Mi	4	11	2015	12	40	45	24	33	5	 	6	22084125	1413384	Jackpot	198372	4	6011,2	66	2020,7	589	129,8	3055	29,8	26598	16,5	48019	9	394631	5	338759
Sa	7	11	2015	11	4	25	39	17	48	 	4	48138343	4494237,9	1	350155,2	5	4706,3	186	1565	1678	95,9	9121	21,9	79860	15,7	111505	7,8	1004760	5	696111
Mi	11	11	2015	41	28	15	14	25	20	 	3	21890820	1401012,4	Jackpot	810294,7	Jackpot	10949,9	37	5928,9	205	220	1841	57,8	14017	22	36822	12,6	288307	5	288290
Sa	14	11	2015	31	48	29	8	1	24	 	3	48589467	4510738,2	Jackpot	2618965,4	1	17391	52	4888,2	555	251,2	3600	56,1	32208	23,9	75666	12,1	668693	5	619660
Mi	18	11	2015	21	48	33	19	49	9	 	9	23082093	5987992,1	Jackpot	847866,7	Jackpot	8831,9	48	2705,9	470	142,1	2982	34	24889	17,5	48211	9	420948	5	317025
Sa	21	11	2015	12	42	46	23	17	29	 	8	50034586	9190205,6	Jackpot	537084,2	5	9471,9	97	3588,9	768	191,5	4797	45,9	39956	20,9	87553	11,1	741496	5	687907
Mi	25	11	2015	14	43	36	19	46	41	 	9	24503518	10758430,7	Jackpot	937002,8	1	29281,3	16	6417,8	219	335,8	1395	65,1	14386	30,5	30627	13,9	302562	5	262701
Sa	28	11	2015	10	6	3	24	37	47	 	1	51469150	14052456,3	Jackpot	955935,4	2	8690,3	110	2221,3	1291	163,5	5844	31,6	60467	19,8	96535	8,5	1007170	5	664368
Mi	2	12	2015	10	31	12	44	3	26	 	8	28089003	15850152,4	Jackpot	339912,6	3	4810	106	2044,9	748	129,7	3930	28,8	35292	16,3	62195	8,1	563050	5	409885
Sa	5	12	2015	12	29	35	42	47	6	 	7	56417219	19460854,4	1	293650,1	7	8784,4	117	4116,5	749	197,2	5211	51,4	39967	20,4	100378	12,1	761326	5	808479
Mi	9	12	2015	37	3	30	44	48	32	 	4	22855123	1462727,8	Jackpot	855858,3	1	20377,5	21	6262,3	205	248,3	1723	55,1	15515	24,4	35003	11,7	326805	5	281250
Sa	12	12	2015	24	3	43	31	1	6	 	6	48827558	4587691,5	Jackpot	881121,2	2	10245,5	86	3333,3	793	152,7	5769	37,7	46641	16,6	105810	9	872750	5	733278
Mi	16	12	2015	9	27	24	13	21	36	 	3	24079545	6128782,3	1	290483	3	4951,4	88	2118,5	617	136,4	3193	32,7	26626	16,7	51993	9,2	424671	5	356838
Sa	19	12	2015	22	33	10	46	7	1	 	1	49337249	3157583,9	Jackpot	617040,6	3	11715,9	79	2862,5	970	202,5	4570	38,9	47485	22,2	83217	9,7	856110	5	599964
Mi	23	12	2015	21	13	34	47	32	18	 	8	25800983	4808846,8	1	238781,3	4	8378,2	57	2831,3	506	178,9	2669	40	23855	20,4	46733	10,5	409108	5	339595
Sa	26	12	2015	41	22	40	15	19	9	 	5	60247578	3855844,9	Jackpot	360760	6	10932,1	99	3959,5	820	172,2	6285	45,6	47458	17,8	121396	10,5	925905	5	924468
Mi	30	12	2015	14	17	27	45	8	26	 	4	26145609	5529163,8	Jackpot	975973,5	1	9759,7	50	4243,3	345	200,4	2434	47,2	20634	22,5	43367	10,8	403042	5	327950
Sa	2	1	2016	35	47	23	43	30	1	 	8	51061099	8797074,1	Jackpot	1920780,4	Jackpot	16006,5	60	6811,2	423	301,6	3184	69,2	27727	27,2	70503	14,4	597150	5	610967
Mi	6	1	2016	12	3	45	36	27	42	 	0	24651714	10374783,7	Jackpot	717156,9	4	8171	58	2334,5	609	246,8	1920	40	23676	28,3	33423	11	385388	5	253935
Sa	9	1	2016	13	10	31	34	46	48	 	6	51977946	6850686,1	2	478204,8	4	5197,8	184	2071,6	1385	162,5	5882	38,8	49267	20,1	94940	10,7	802815	5	706838
Mi	13	1	2016	14	18	46	35	25	19	 	0	22216919	1421882,8	Jackpot	429917	2	25289,2	17	6934,1	186	369,3	1164	63,6	13499	33,3	25767	12,6	304907	5	217647
Sa	16	1	2016	21	31	34	23	39	9	 	8	48139217	4502792,6	1	350345,8	5	6082,3	144	2110,5	1245	139,7	6267	32,9	53121	17,7	98690	9,3	839210	5	694281
Mi	20	1	2016	12	14	15	19	7	46	 	3	21557851	1379702,4	Jackpot	783677,3	1	10311,5	38	4452,7	264	204,5	1916	47	16670	19,5	40144	10,3	339522	5	312490
Sa	23	1	2016	27	26	40	16	2	25	 	0	47297223	4406724,6	Jackpot	450399,7	4	9286,5	97	3029,5	892	210,6	4277	36,5	49310	24	74869	9,5	853205	5	521120
Mi	27	1	2016	14	16	12	47	29	19	 	3	22826804	5867640	Jackpot	839847,1	Jackpot	14480,1	29	5039	250	211,7	1983	52	16123	21,2	39522	11,5	326037	5	310803
Sa	30	1	2016	40	48	33	18	34	23	 	9	50182301	9079307,2	Jackpot	2706136,4	1	12441,9	75	3970,8	705	202,2	4614	42,6	43760	21,2	87817	10,3	807739	5	643318
Mi	3	2	2016	10	47	19	33	18	31	 	8	25311428	10699238,5	Jackpot	304234	3	6613,7	69	1586,3	863	115,3	3957	26,8	34016	15,5	58555	8,1	504066	5	381752
Sa	6	2	2016	25	10	28	16	34	49	 	5	52290101	14045804,9	Jackpot	942222,2	2	11632,3	81	4355,4	649	181,9	5179	46,8	40197	18,4	102040	10,7	788534	5	790808
Mi	10	2	2016	34	38	32	19	2	17	 	4	26936888	15769765,7	Jackpot	197076,3	5	5474,3	90	1712,7	863	133,8	3682	29,6	33184	17,7	55491	8,5	517421	5	378133
Sa	13	2	2016	45	20	18	30	43	32	 	8	55133659	9649159,9	2	678959	3	10083,5	101	3540,3	863	203,9	4994	47,4	42946	21,4	95126	11,4	800133	5	733901
Mi	17	2	2016	24	39	38	26	32	35	 	3	22570156	1444489,9	Jackpot	821301,8	1	8927,1	46	3365,9	366	158,3	2593	37,7	21784	17,3	47258	9,4	391829	5	325514
Sa	20	2	2016	29	31	1	16	30	13	 	6	48210394	4529955,1	1	595078	3	15939,5	56	4949,8	541	236,1	3780	54,6	32682	23,2	76896	12,2	654957	5	633478
Mi	24	2	2016	48	13	5	47	31	23	 	5	21719527	1390049,7	Jackpot	260800,2	3	9314,2	42	4005,4	293	172,8	2263	43,9	17816	18,1	43135	10,3	341725	5	329141
Sa	27	2	2016	15	37	10	49	7	25	 	7	48068835	4466455,1	1	241462,1	7	4204,5	201	1966,9	1289	112,3	7520	32,1	52610	13,7	122826	8,7	873010	5	811132
Mi	2	3	2016	16	40	8	10	17	1	 	9	22120801	1415731,2	Jackpot	822100,4	Jackpot	13701,6	30	4326,8	285	216,2	1901	44	18672	21,8	37627	9,9	369954	5	284733
Sa	5	3	2016	43	10	46	33	7	37	 	3	48483495	4518674,8	Jackpot	2591547,7	1	9513,1	93	3973,3	668	181,3	4879	42	42060	19,3	91426	10,1	781837	5	688866
Mi	9	3	2016	48	32	37	13	46	10	 	7	23455028	6019796,5	1	423817,6	2	7183,3	59	2473,6	514	142,7	2968	36,9	22953	17,4	48604	10,1	375318	5	350008
Sa	12	3	2016	39	49	30	26	20	47	 	4	48034330	3074197,1	Jackpot	603184,7	3	9625,2	94	3330,4	815	221,1	4092	44,6	40507	24,1	75013	11,2	723967	5	569485
Mi	16	3	2016	26	9	29	35	11	46	 	6	22383851	4506763,5	Jackpot	408269,7	2	7290,5	56	3678,1	333	169,4	2409	42,9	18992	19,2	42490	10,4	350129	5	318793
Sa	19	3	2016	37	4	15	49	44	10	 	5	48170345	7589665,5	Jackpot	878147,7	2	12196,4	72	5739,5	459	216,4	4057	55,3	31710	21,6	81208	12,5	631074	5	687863
Mi	23	3	2016	44	16	31	22	10	9	 	0	23698638	9106378,3	1	450664,8	2	14537,5	31	3964,7	341	278,8	1616	45,2	19907	26,3	34215	10,3	391762	5	263862
Sa	26	3	2016	31	1	41	40	3	33	 	5	49351753	3158512,1	Jackpot	882184,7	2	9588,9	92	3886,2	681	174	5068	43,1	40872	17,2	102485	9,7	813007	5	774734
Mi	30	3	2016	13	5	1	41	9	26	 	1	21347637	5319643,8	1	0	Jackpot	6736,2	59	2375,1	502	152,1	2613	30,4	26140	19	41764	8,3	426025	5	271748
Sa	2	4	2016	38	1	23	28	17	10	 	6	46620510	2983712,6	Jackpot	424412,3	4	11023,6	77	3795	671	183,7	4619	40,7	41681	18,8	90093	9,7	786564	5	670010
Mi	6	4	2016	6	30	33	42	25	19	 	4	22129886	4400025,3	Jackpot	813329	1	8299,2	49	2890,9	422	157,9	2575	34,5	23533	18,8	43036	8,9	407464	5	303068
Sa	9	4	2016	1	4	47	39	38	46	 	2	47714308	7453741	Jackpot	599822,9	3	24317,1	37	6262,6	431	333,2	2700	69,3	25962	28,9	62219	13,6	591681	5	561750
Mi	13	4	2016	13	17	49	36	2	35	 	7	23152933	8935528,7	Jackpot	840980,3	1	11364,5	37	3573,5	353	178,8	2351	48,6	17275	19,6	42818	11,8	319432	5	336975
Sa	16	4	2016	38	20	15	22	5	14	 	9	49556228	12107127,2	Jackpot	936925	2	17677,8	53	5214,7	539	266,2	3519	57,7	32449	25,8	72366	12,6	664166	5	573603
Mi	20	4	2016	1	49	20	13	5	11	 	8	24937704	13703140,2	Jackpot	453139,4	2	6041,8	75	2008	677	136,7	3313	31	29173	16,6	54344	8,9	454678	5	362010
Sa	23	4	2016	15	8	27	17	35	16	 	4	51402867	16992923,6	Jackpot	1931392,5	Jackpot	17883,2	54	5405	536	278,2	3470	57,8	33391	25,9	74402	12,3	703303	5	619545
Mi	27	4	2016	6	1	21	37	26	9	 	6	27400202	18746536,5	Jackpot	1459126,1	2	10069,9	49	3458,6	428	151,4	3258	37,7	26120	16,7	59039	9,4	472377	5	415578
Sa	30	4	2016	43	36	30	28	14	26	 	6	55825733	22319383,4	Jackpot	1053037,7	2	16984,4	62	5927	533	289,6	3635	65,6	32088	27,5	76424	14,2	666057	5	655853
Mi	4	5	2016	11	35	2	39	49	14	 	5	31057492	24307062,8	Jackpot	1134447,1	1	10908,1	52	4308	395	201,6	2813	51,7	21928	20,8	54519	11,8	429792	5	439319
Sa	7	5	2016	16	34	42	44	32	37	 	9	54793102	27813821,3	Jackpot	412427	5	11851,3	87	3436,8	900	193,9	5315	41,6	49511	22,6	91202	10,8	852934	5	653688
Mi	11	5	2016	20	41	39	10	31	19	 	5	37257737	30198316,4	Jackpot	148486,3	9	4514,7	148	1842,4	1088	124	5388	29,5	45290	15,7	84856	8,7	689735	5	576120
Sa	14	5	2016	15	5	13	30	44	26	 	9	67508350	0	Jackpot	37050634,8	1	10637,7	119	3172,6	1197	205,2	6168	43,2	58552	23,1	109455	10,8	1050061	5	823160
Mi	18	5	2016	41	31	10	19	13	26	 	4	22735942	1455100,2	1	207535,8	4	3953	105	1162,6	1071	106,6	3893	22,3	37069	15,9	51981	7,5	494237	5	322287
Sa	21	5	2016	48	5	46	47	2	29	 	4	46826177	2996875,3	Jackpot	1780180,8	Jackpot	15615,6	57	5645,3	473	313,7	2837	61,8	28770	28,6	62058	13,1	608395	5	522881
Mi	25	5	2016	30	10	36	21	6	9	 	6	23120152	4476565	Jackpot	870958,4	3	8326,9	50	2794,2	447	152,7	2725	38,9	21357	16,4	50720	9,4	394983	5	350688
Sa	28	5	2016	9	17	5	45	39	24	 	3	47349893	7506958,1	Jackpot	281999,4	6	6661,4	127	2203,1	1152	131,4	6438	30,6	55193	15,5	108815	8,2	923960	5	744917
Mi	1	6	2016	25	35	30	40	46	19	 	2	24449861	4535874,6	2	184074,6	5	7190,4	64	2439,1	566	189,4	2429	37,4	24559	23,1	39834	10,5	392754	5	291281
Sa	4	6	2016	6	22	35	42	31	5	 	3	47099277	3014353,7	Jackpot	582987,8	3	15341,7	57	5225,9	502	255,9	3416	55,4	31569	24	72694	12	652674	5	609130
Mi	8	6	2016	48	44	30	2	5	33	 	6	22437310	4450341,5	Jackpot	117536,6	7	10548,1	39	3536,2	349	186,9	2200	44,7	18374	21	39098	11	336042	5	311021
Sa	11	6	2016	45	6	13	27	21	38	 	5	47401782	7484055,5	Jackpot	427172,4	4	8899,4	96	3087,9	830	175,3	4871	47	36291	18,9	90076	11	692996	5	716056
Mi	15	6	2016	7	12	33	48	49	13	 	7	23606663	8994881,9	1	409242,2	2	5180,2	79	2674,7	459	106,7	3832	33,4	24491	13,1	62215	8,7	420065	5	421532
Sa	18	6	2016	8	27	2	17	12	19	 	1	46825196	2996812,5	1	172988,7	10	4886,6	177	1598,7	1623	133,4	6481	25	69153	17,8	96875	7,5	1036149	5	623383
Mi	22	6	2016	35	43	19	8	41	40	 	8	21794295	1394834,8	Jackpot	805917,7	1	12998,6	31	5729,2	211	222,2	1813	54,2	14844	22	36539	12,1	299329	5	288627
Sa	25	6	2016	10	34	11	6	44	2	 	3	44926317	4270119	Jackpot	543739,6	3	10592,3	77	3696,1	662	168,6	4835	38	42891	17,7	92007	9	812457	5	655137
Mi	29	6	2016	44	49	4	5	32	28	 	4	21912232	5672501,8	Jackpot	808571,8	1	13476,1	30	4508,7	269	211,2	1914	49,7	16239	21,6	37405	11,2	324244	5	293603
Sa	2	7	2016	30	15	26	6	8	4	 	9	47842551	8734425	Jackpot	294215,7	6	6259,9	141	2094,8	1264	150,3	5869	32,3	54554	18,9	93205	9,2	857080	5	641282
Mi	6	7	2016	16	38	42	4	37	18	 	0	24036223	10272743,2	Jackpot	454460,9	2	11084,4	41	4021,7	339	209,8	2166	45,1	20131	23,3	38978	10,7	380448	5	278115
Sa	9	7	2016	44	34	1	49	37	40	 	7	49029883	13410655,7	Jackpot	1805075,8	1	16116,7	56	5393,6	502	241,3	3739	60	30076	22	81757	12,9	626820	5	665254
Mi	13	7	2016	33	27	14	20	41	10	 	7	25562217	15046637,5	Jackpot	921672,1	1	9600,7	48	3572,3	387	181,5	2539	45,4	20295	18,4	49947	10,4	398404	5	385681
Sa	16	7	2016	18	22	34	44	30	1	 	5	50959154	18308023,3	Jackpot	935253,5	2	12638,5	74	4755,5	590	217,5	4300	54,3	34433	21,2	87975	12,5	671562	5	702624
Mi	20	7	2016	18	28	40	1	20	49	 	5	27242397	20051536,7	Jackpot	1004092,5	Jackpot	11156,5	45	4092,7	368	171,9	2919	40,8	24575	21,2	47150	11,6	386344	5	367352
Sa	23	7	2016	47	25	29	48	5	43	 	5	52870347	23435238,9	Jackpot	978648	3	13053	74	5307,2	546	203	4758	54,8	35208	20,8	92809	12,2	712448	5	746591
Mi	27	7	2016	39	5	18	6	17	7	 	1	29328817	25312283,1	Jackpot	180221,8	6	6758,3	80	2185,9	742	169,7	3186	33,7	32010	19,4	55479	8,3	581915	5	394811
Sa	30	7	2016	33	6	30	23	13	26	 	2	56558944	28932055,5	1	695173,4	3	8912,4	117	3066,9	1020	188,8	5521	36,1	57713	19,6	106162	8,9	1052483	5	760899
Mi	3	8	2016	34	26	42	43	21	15	 	6	22416841	1434677,8	Jackpot	278521,9	3	13926	30	5545,7	226	246,9	1692	64,3	12994	24,5	33993	13,9	269473	5	283617
Sa	6	8	2016	33	26	45	6	47	25	 	0	46702451	4423634,6	Jackpot	1790049,3	Jackpot	18265,8	49	4248,5	632	291,4	3071	46,1	38811	28,4	62894	10,5	764527	5	492355
Mi	10	8	2016	11	23	12	49	17	43	 	9	23043949	5898447,3	Jackpot	2637241,9	1	15128,4	28	4458,9	285	212	1998	45,3	18677	20,7	40796	10	380481	5	315047
Sa	13	8	2016	6	30	28	39	14	37	 	2	47651515	8948144,2	Jackpot	904105,7	2	18835,5	48	5468,3	496	279,3	3236	58,7	30753	27,9	64810	12,6	641019	5	538789
Mi	17	8	2016	41	2	30	34	10	49	 	1	23929255	10479616,5	Jackpot	302989,5	3	28405,2	16	4260,7	320	261,7	1736	49,2	18444	26	34925	10,9	372260	5	268694
Sa	20	8	2016	23	30	31	45	28	37	 	5	48865483	13607007,4	Jackpot	893191,7	2	13533,2	66	5941,4	451	254,1	3515	64,9	27485	22,7	78577	13,4	599875	5	688303
Mi	24	8	2016	42	48	16	14	6	35	 	2	24972216	15205229,2	Jackpot	954275,6	Jackpot	19880,7	24	4902,1	292	303,7	1571	59,3	16072	29	32796	12,9	331949	5	269026
Sa	27	8	2016	8	33	32	43	22	1	 	9	49805391	18392774,2	Jackpot	943193,8	3	12502	75	4808,4	585	249,2	3762	52,8	35516	25,4	73801	12,1	693087	5	592418
Mi	31	8	2016	7	31	41	37	40	3	 	3	27576440	20157666,3	Jackpot	974366,7	1	8257,3	59	2976,6	491	140,7	3462	36,4	26705	15,1	64485	8,7	502185	5	455932
Sa	3	9	2016	30	8	25	14	36	18	 	1	53623159	23589548,4	Jackpot	513732,3	4	15335,2	67	4131,8	746	281,8	3646	51,3	39989	28,7	71465	12	769553	5	566081
Mi	7	9	2016	21	27	7	11	19	18	 	0	29234759	25460572,9	Jackpot	274419,8	4	7622,7	72	2163,6	761	180,2	3045	30,3	36116	21,5	50828	8,1	604992	5	353912
Sa	10	9	2016	6	1	24	43	11	3	 	0	55130708	28988938,2	Jackpot	1047052,9	2	9026,3	116	1870,8	1679	179,3	5837	29,9	69822	21,8	95837	8,2	1141099	5	619186
Mi	14	9	2016	31	35	20	3	2	15	 	8	37380728	0	Jackpot	32759747,4	1	14065,7	49	3999,3	517	211,4	3260	47,7	28866	21,7	63376	11,4	541211	5	502714
Sa	17	9	2016	3	46	35	47	37	34	 	2	48174962	3083197,5	1	1834270,3	1	18342,7	50	5067	543	264,2	3471	52	35211	26,3	69513	11,8	694258	5	532316
Mi	21	9	2016	29	24	11	18	1	8	 	5	21819426	1396443,2	Jackpot	156005,6	5	7959,4	49	2195,2	533	131	2977	34	22925	16,2	48011	9,2	380073	5	342597
Sa	24	9	2016	45	21	32	15	18	4	 	4	46068013	4344796	1	245823,8	7	4280,5	201	1325	1948	175,6	4897	40,3	42663	21,3	80676	10,8	714150	5	575597
Mi	28	9	2016	41	44	11	15	38	46	 	2	21043752	1346800,1	Jackpot	801519,5	Jackpot	14312,8	28	5159,9	233	287,9	1392	55,2	14503	27,9	28696	12,2	293896	5	231976
Sa	1	10	2016	20	34	25	37	7	26	 	1	47013474	4355662,4	Jackpot	2574987,4	Jackpot	18473,6	48	4570,7	582	243,3	3644	45,5	38921	24,1	73291	10,1	784811	5	552639
Mi	5	10	2016	17	6	1	28	41	5	 	1	22335141	5785111,4	Jackpot	3414858,5	1	11664,8	36	3043	414	200,6	2093	38,4	21870	21,2	39607	9,1	414017	5	267882
Sa	8	10	2016	35	48	14	33	32	21	 	5	47879561	8849403,3	Jackpot	583719,9	3	13470,4	65	5160,5	509	198,6	4408	52	33651	19,4	89878	11,5	682079	5	672778
Mi	12	10	2016	29	35	47	39	37	22	 	2	24115282	10392781,3	Jackpot	926343,7	1	21053,2	22	4526,1	307	254,9	1817	51,7	17911	28,7	32167	12,8	323925	5	250165
Sa	15	10	2016	29	41	13	7	38	19	 	9	49614190	13568089,4	1	302239,6	6	6430,6	141	2060,7	1320	138	6567	31,2	57955	17,5	103161	8,7	937195	5	699482
Mi	19	10	2016	33	42	16	40	43	32	 	5	21404798	1369907	Jackpot	779927,6	1	12998,7	30	3610,7	324	180,7	2157	45,8	16997	18,5	42074	10,8	324110	5	306643
Sa	22	10	2016	48	2	32	21	36	26	 	7	45935463	4309776,6	Jackpot	119239,3	14	5601,8	149	1974,7	1268	154	5419	39,8	41941	19,5	85497	11,4	654714	5	666870
Mi	26	10	2016	43	11	18	44	45	15	 	6	22068637	5722169,3	Jackpot	815357	1	15099,2	27	5364,1	228	254,6	1601	65,2	12504	24,2	33632	13,5	271468	5	293671
Sa	29	10	2016	28	36	8	5	7	26	 	8	47475454	8760598,3	1	854903,8	2	8549	100	3592	714	161	5308	40,9	41727	17,3	98791	9,8	782280	5	720244
Mi	2	11	2016	19	30	1	26	48	12	 	6	21111018	1351105,1	Jackpot	764208,3	1	7076	54	3229	355	162	2358	38,8	19681	18	42398	9,6	357623	5	312464
Sa	5	11	2016	38	42	9	43	32	35	 	8	46343995	4317120,7	Jackpot	1710547,6	1	12218,1	70	4525,2	567	198,1	4316	48,4	35323	21,1	80958	11,1	692296	5	620101
Mi	9	11	2016	39	20	33	6	41	13	 	5	22218603	5739111,2	Jackpot	793084	1	6721	59	3277,2	363	149,1	2659	41,2	19249	17,4	45391	10,1	349918	5	351294
Sa	12	11	2016	20	47	6	2	19	9	 	1	47188205	4379578,1	2	160109,9	11	6621	133	1859,1	1421	155,9	5647	29,1	60452	19,6	89515	8,3	951803	5	592392
Mi	16	11	2016	38	39	19	20	13	44	 	8	20958829	1341365	Jackpot	777744,4	Jackpot	13888,2	28	5746,8	203	283,4	1372	59,7	13024	24,4	31863	12,2	284743	5	272121
Sa	19	11	2016	2	39	38	15	6	1	 	3	46744011	4332981,7	Jackpot	1252444,3	2	17623,9	49	5223,2	496	258,7	3337	55,9	30894	23,3	74070	11,9	650225	5	621789
Mi	23	11	2016	38	31	44	28	27	4	 	7	22002307	6533986,4	1	0	Jackpot	6719,1	59	5104,2	233	189,4	2092	52,1	15198	19	41650	11,2	316737	5	332887
Sa	26	11	2016	47	41	26	42	32	45	 	9	45386961	2904765,5	1	848317,7	2	13906,8	61	3233,7	787	193,2	4389	42,6	39750	22,2	76089	11,1	687822	5	564472
Mi	30	11	2016	21	12	19	10	1	47	 	6	22110976	1415102,4	1	799631	1	8506,7	47	3268,2	367	169,9	2353	37,4	21379	17,7	44979	9,4	382728	5	328815
Sa	3	12	2016	16	47	48	39	43	5	 	9	47898301	3065491,2	Jackpot	1798262,9	1	12663,8	71	5482,5	492	241	3730	52,9	33946	24	74700	12	674113	5	580206
Mi	7	12	2016	42	40	48	13	18	36	 	8	22490213	4504864,8	Jackpot	841540,2	Jackpot	16830,8	25	5029,1	251	234,4	1795	53,2	15816	23,4	35890	12,3	306864	5	278066
Sa	10	12	2016	34	11	17	49	32	37	 	3	48018164	7578027,2	1	2585409,6	1	7855,2	111	2076	1260	131,2	6644	29,7	58667	16,7	104228	8,4	929406	5	699445
Mi	14	12	2016	38	34	42	33	43	44	 	4	21602361	691275,5	2	134639,4	6	6411,4	63	2380,6	509	193,6	2086	46,2	17449	23,4	34479	11,8	306902	5	268053
Sa	17	12	2016	29	6	35	24	28	34	 	2	46897483	3001438,9	Jackpot	1777617,2	Jackpot	26933,5	33	6259,2	426	314,8	2823	63	28199	28,1	63093	12,8	623151	5	534226
Mi	21	12	2016	42	3	23	38	21	39	 	7	22790642	4460039,9	Jackpot	2597714,1	1	8368,3	49	3555,3	346	175,9	2331	44,6	18379	18,2	44855	10,5	349541	5	347150
Sa	24	12	2016	30	18	22	11	45	4	 	1	54023101	7917518,3	Jackpot	508904,6	4	9337,7	109	2908	1050	219,4	4639	40,2	50542	23,2	87587	10	911042	5	639577
Mi	28	12	2016	3	22	30	29	4	1	 	3	23740036	9436880,6	Jackpot	872647,5	1	6233,1	70	2833,2	462	188,1	2319	42,6	20483	20,2	43147	10,8	361209	5	324836
Sa	31	12	2016	42	37	27	29	45	47	 	3	61921952	13399885,5	Jackpot	388869,4	6	9408,1	124	3804,1	920	213,8	5454	47,6	48950	23,7	98216	11,9	876700	5	733161
Mi	4	1	2017	48	5	39	37	21	13	 	2	25783219	15050011,5	Jackpot	486948,6	2	14322	34	3927	372	232,4	2095	48,5	20070	25,4	38274	11,3	384520	5	300502
Sa	7	1	2017	22	12	14	45	17	46	 	7	51173316	18325103,7	Jackpot	623489,3	3	13753,4	68	5110,5	549	238,5	3920	62,7	29806	22,5	83095	12,9	649804	5	721377
Mi	11	1	2017	29	32	27	38	34	20	 	1	27596782	20091297,7	Jackpot	526462,3	2	15953,4	33	5094,7	310	269	1957	53,1	19792	27,8	37841	11,7	402259	5	300590
Sa	14	1	2017	23	37	27	4	3	28	 	3	54716507	23593154,1	Jackpot	989432,8	2	14339,6	69	4157,2	714	185,2	5342	44,8	44154	18	109456	9,8	902208	5	813548
Mi	18	1	2017	39	40	10	28	11	13	 	1	29278479	25466976,7	Jackpot	1098851,6	1	10174,5	54	3575,4	461	204,6	2685	40,8	26879	23	47706	9,9	496024	5	355380
Sa	21	1	2017	26	14	11	9	5	39	 	9	55467650	29016906,3	Jackpot	668326,1	3	6639	151	2111,9	1424	127,2	7876	29,5	67943	16	125240	8,2	1092871	5	826822
Mi	25	1	2017	25	49	17	14	1	2	 	5	31892982	31058057,1	1	570987,7	2	5543,5	103	2117,3	809	117	4879	32,9	34690	15,5	73588	9,3	550945	5	497117
Sa	28	1	2017	41	15	6	9	42	38	 	7	47765925	3057019,2	1	573681,1	3	10367,7	83	3841,6	672	188,6	4561	47,3	36332	18,9	90639	10,7	723203	5	723102
Mi	1	2	2017	25	19	21	13	3	42	 	9	22050093	1411205,9	Jackpot	814257,5	Jackpot	11632,2	35	3107,8	393	182,5	2230	37,6	21618	19,3	42030	9,1	400736	5	294253
Sa	4	2	2017	2	28	39	37	16	49	 	8	47236426	4434337,1	Jackpot	2560156,1	1	8999,4	97	3955,9	662	203	4299	48,8	35717	21,7	80395	11,6	672872	5	627219
Mi	8	2	2017	14	28	46	41	30	22	 	6	23154445	5916221,5	Jackpot	863275,3	1	13079,9	33	4330,8	299	229,9	1877	57	15131	23,3	37023	13,1	295916	5	292517
Sa	11	2	2017	12	45	46	32	3	22	 	6	48039936	4495388,7	2	441354,6	4	10146	87	3026,4	875	173,6	5084	40,1	43994	20	87951	10,5	751093	5	658245
Mi	15	2	2017	39	7	33	13	18	36	 	4	21594222	1382030,2	Jackpot	396633,2	2	9014,3	44	2547,9	467	155	2558	34	23326	18,2	43459	8,9	397694	5	296483
Sa	18	2	2017	25	20	41	27	17	24	 	9	46241039	4341456,6	Jackpot	1695628,8	Jackpot	13898,5	61	4462,1	570	215,2	3939	46	36845	19,3	87804	9,5	797290	5	640961
Mi	22	2	2017	46	25	42	1	5	7	 	3	22645743	5790784,1	Jackpot	2515979,1	Jackpot	9322,1	44	3238,2	380	177,4	2311	40	20471	18,2	44880	9,7	377652	5	334008
Sa	25	2	2017	4	28	1	9	3	32	 	4	47365741	8822191,5	Jackpot	850811,8	5	10728,8	81	3129,7	833	166,3	5224	34,6	50117	18,2	95072	8,6	909044	5	654132
Mi	1	3	2017	30	31	12	22	38	29	 	4	24312089	10378165,1	Jackpot	917768,5	Jackpot	30592,2	15	5419,8	254	310,6	1477	58,7	15609	27,6	33236	12,2	338496	5	284477
Sa	4	3	2017	45	1	41	23	19	22	 	2	49741229	13561603,7	Jackpot	1397039,7	2	12344,1	76	4591,2	613	267,9	3501	55,4	33847	26,3	71075	12,2	689596	5	584813
Mi	8	3	2017	7	35	3	26	16	28	 	6	26044773	15228469,1	Jackpot	939824,1	1	7964,6	59	2748	513	142,6	3295	36,1	26018	16,8	55802	9	465293	5	391456
Sa	11	3	2017	26	46	12	49	17	4	 	8	50649836	18470058,6	Jackpot	457080,8	4	6925,4	132	2397,2	1144	148,6	6150	34,9	52308	17,2	105934	9,1	901048	5	760019
Mi	15	3	2017	15	26	40	7	16	25	 	1	27191625	20210322,6	Jackpot	1021808,3	Jackpot	10643,8	48	3134,3	489	220,5	2316	41,2	24759	22,9	44472	9,9	462480	5	327493
Sa	18	3	2017	31	23	40	4	12	27	 	0	52715503	5896028,6	4	143615,9	21	5113,1	195	1429,1	2093	161,2	6185	27,5	72292	22,1	90174	8,5	1048895	5	608538
Mi	22	3	2017	15	18	4	38	22	21	 	6	21708227	1389326,5	Jackpot	804176,6	1	10867,2	37	4047,8	298	202,4	1986	48,9	16437	22,6	35576	11,8	305762	5	284604
Sa	25	3	2017	9	11	26	25	49	1	 	6	45592307	4307234,1	Jackpot	136060,7	12	4612,2	177	1548	1582	104,9	7776	23,8	68385	14,2	114960	7,2	1007033	5	710191
Mi	29	3	2017	25	21	24	47	28	9	 	2	22040028	5717795,8	Jackpot	824363,7	Jackpot	21693,7	19	5447,3	227	255,8	1611	49	16795	23,5	34935	10,4	354006	5	273163
Sa	1	4	2017	22	8	36	5	18	9	 	8	47444842	11300368,4	1	0	Jackpot	7234,1	119	3252,6	794	145	5935	37,9	45313	16,8	102198	9,5	814843	5	693712
Mi	5	4	2017	41	22	6	49	1	7	 	2	21133125	1352520	Jackpot	791234,7	1	8791,4	45	2760,1	430	179,6	2202	33	23923	20,6	38247	9	395420	5	260339
Sa	8	4	2017	28	7	40	39	2	47	 	1	45496342	4264285,8	Jackpot	858939,2	2	14558,2	59	4552,6	566	266,5	3222	50,8	33797	26	66039	11,2	685011	5	531524
Mi	12	4	2017	24	48	14	10	11	26	 	5	22188980	5684380,5	Jackpot	390453	2	8873,9	44	3425	342	140,3	2782	38,2	20419	15	51739	9,1	383958	5	373067
Sa	15	4	2017	12	36	18	21	30	27	 	7	47940859	8752595,4	Jackpot	431421,9	4	8804,5	98	3428,5	755	141,5	6094	36,2	47590	17,9	96048	10,6	725988	5	729067
Mi	19	4	2017	27	23	48	30	41	19	 	0	22290548	10179190,4	Jackpot	851623,8	Jackpot	18513,5	23	4857,1	263	288,4	1476	49,3	17245	27,4	31075	10,6	359162	5	240488
Sa	22	4	2017	11	25	19	1	32	12	 	7	47912876	13245614,4	1	1259336,3	2	8593	97	2520,7	992	121,7	6848	30,7	54289	13,6	122277	7,8	955945	5	843905
Mi	26	4	2017	34	25	37	42	39	31	 	3	20825156	1332809,9	Jackpot	758367,3	1	7021,9	54	2415,1	471	150,7	2515	36,7	20639	17,3	43596	9,9	342335	5	299219
Sa	29	4	2017	36	4	37	49	18	3	 	5	46031887	4278850,6	Jackpot	827348,6	2	11333,5	73	4109,3	604	203,3	4069	51	32405	19,5	84846	11,3	657074	5	704586
Mi	3	5	2017	5	33	18	4	12	20	 	8	21671225	5665809	Jackpot	777419,9	Jackpot	6588,3	59	2535	460	137,9	2817	31	24999	15,7	49291	8,4	416193	5	334891
Sa	6	5	2017	30	32	31	47	16	26	 	4	46393307	8634980,6	Jackpot	832728	3	11320,8	76	3773,6	684	184,9	4653	40,6	42366	20,3	84618	9,8	783473	5	603968
Mi	10	5	2017	39	26	38	9	18	42	 	8	23332488	10128259,8	Jackpot	283475,8	3	6643,9	64	2176,8	586	142,5	2982	31,6	26886	17	50008	8,8	434509	5	333738
Sa	13	5	2017	19	7	32	45	47	48	 	1	47672992	13179331,2	Jackpot	896641,7	2	15730,5	57	3694,9	728	212	4229	40,9	43794	22,9	78288	9,6	834711	5	570518
Mi	17	5	2017	36	43	23	2	26	1	 	3	23690365	14695514,5	Jackpot	876670,9	1	20873,1	21	6261,9	210	271,7	1613	65,8	13321	24,3	35948	13	301735	5	312458
Sa	20	5	2017	15	29	37	1	44	34	 	7	48145099	17776800,8	Jackpot	1796788,3	1	14490,2	62	6754,8	399	271	3314	68,3	26285	26,5	67652	14,9	539545	5	604676
Mi	24	5	2017	6	25	44	26	13	19	 	3	25524757	19410385,2	Jackpot	306431,4	3	9992,3	46	3126,8	441	169,5	2711	38,8	23677	17,4	52656	9,1	453953	5	387170
Sa	27	5	2017	23	24	27	49	25	29	 	1	47928152	22477786,9	Jackpot	1823190,4	1	10359	88	2906,2	941	236,6	3852	46	39582	29,3	62110	12,5	652690	5	532954
Mi	31	5	2017	48	9	24	36	17	27	 	7	26781068	24191775,2	Jackpot	950803	Jackpot	7667,7	62	2480,3	575	136,8	3474	35,4	26843	15,8	59962	9,5	447935	5	433703
Sa	3	6	2017	37	24	35	32	31	46	 	3	53040461	27586364,7	Jackpot	2910376	Jackpot	14408,6	68	4607,1	638	200,1	4896	45,9	42633	21	93034	10,8	810347	5	705982
Mi	7	6	2017	18	37	17	28	6	33	 	4	32973944	29696697,1	1	1030384,8	4	7124,4	85	2155	843	162,2	3732	33,4	36215	18,9	63973	9,1	597970	5	453001
Sa	10	6	2017	29	42	6	4	26	16	 	7	45831547	2933219	Jackpot	275325,8	6	7441,2	111	2624,9	944	147,9	5582	37,2	44297	17,1	96423	9,8	753545	5	692601
Mi	14	6	2017	44	33	36	32	29	30	 	1	22490528	4372612,7	Jackpot	866798	Jackpot	14944,7	29	5139,1	253	276,2	1569	54,2	15985	32,4	26729	13,7	282697	5	227578
Sa	17	6	2017	16	49	2	6	22	44	 	1	45550658	7287854,8	1	650919,5	4	18879,1	46	3695,4	705	264,6	3282	46,9	37005	26,6	65194	11,2	694686	5	498257
Mi	21	6	2017	41	6	44	39	7	4	 	4	20738189	1327244	Jackpot	763392,5	1	11928	32	4893,5	234	225,9	1689	51,3	14869	21,4	35656	10,5	324168	5	281585
Sa	24	6	2017	38	27	46	43	23	13	 	6	44250203	4159256,9	Jackpot	813867,6	2	8058	101	2436,7	1002	154,1	5280	36,4	44607	18,7	86780	10	727143	5	603147
Mi	28	6	2017	38	41	29	42	17	13	 	4	22864937	5622612,8	Jackpot	858675,7	1	8944,5	48	2843,2	453	205,3	2091	41,4	20732	23,2	36998	10,8	357485	5	276471
Sa	1	7	2017	2	15	35	47	22	3	 	8	47419706	8657473,9	Jackpot	881948,8	2	16332,3	54	5366,8	493	232,4	3794	57	30923	24,2	72825	12,8	616956	5	607203
Mi	5	7	2017	47	39	40	7	34	33	 	0	23497104	10161288,5	Jackpot	900013,2	1	13235,4	34	5037,3	268	289,9	1552	54,2	16600	28,7	31261	11,3	357620	5	248921
Sa	8	7	2017	2	40	23	27	3	17	 	2	47064975	13173446,9	1	576366,3	3	7389,3	117	2831,4	916	158,6	5451	32,9	52477	18,3	94101	8,4	917335	5	645868
Mi	12	7	2017	44	30	22	36	49	18	 	7	20962822	1341620,6	Jackpot	771260,5	Jackpot	20296,3	19	5509	210	214,9	1794	57,6	13374	21,9	35071	13	266256	5	285437
Sa	15	7	2017	33	38	8	32	31	25	 	1	44873624	4213532,5	Jackpot	818648,1	3	14039	60	4115,6	614	233,2	3611	42,8	39328	24	69969	10,1	750488	5	543612
Mi	19	7	2017	21	36	17	27	41	19	 	1	24896836	5806930	Jackpot	939388,5	1	15151,4	31	3558,2	396	228	2060	43,7	21453	24	39021	10,5	399978	5	292227
Sa	22	7	2017	37	5	47	27	45	41	 	7	45372017	8710739	Jackpot	543348,1	3	7026	116	3000	815	124,9	6522	36,8	44240	15,4	105322	9,9	733903	5	696351
Mi	26	7	2017	18	12	27	33	26	15	 	0	22906717	10176768,8	Jackpot	877623,8	Jackpot	21940,5	20	4050,5	325	286,9	1529	44,9	19538	28	31315	10,2	383962	5	242218
Sa	29	7	2017	35	37	30	20	14	29	 	3	47191745	13197040,4	Jackpot	2663021,3	Jackpot	17167,2	52	6661,9	402	312	2861	73,1	24415	28,9	61682	15	532616	5	544325
Mi	2	8	2017	23	22	21	36	49	34	 	5	24881596	14789462,5	1	3584537,3	1	32911,2	14	5063,2	273	236	1952	61,4	15007	23,4	39346	13,6	303244	5	326643
Sa	5	8	2017	49	18	37	14	19	23	 	5	44821723	2868590,2	Jackpot	1618445,6	Jackpot	15867,1	51	5632,6	431	222,3	3639	53,9	30007	19,7	81848	11,4	637552	5	671563
Mi	9	8	2017	1	18	39	10	41	49	 	7	22058640	4280343,1	Jackpot	2404929,8	1	8548,7	46	3277	360	153,6	2560	42,7	18394	16,8	46600	9,9	355711	5	350545
Sa	12	8	2017	15	27	47	49	25	5	 	6	45461160	3594928,6	2	209009,1	8	7813,4	107	2702,7	928	179,9	4647	38,7	43168	20,1	83110	10,2	734854	5	620066
Mi	16	8	2017	29	9	36	6	38	49	 	3	20613473	1319262,2	Jackpot	754555,4	1	10779,3	35	3581,7	316	180,8	2086	44,9	16805	19,4	38757	10,3	327927	5	288384
Sa	19	8	2017	35	2	45	29	10	48	 	2	44070838	4139795,8	Jackpot	419943,5	4	14235,3	59	4213,4	598	266,5	3151	57,5	29204	28,5	58883	13,3	566904	5	483429
Mi	23	8	2017	28	16	32	49	23	25	 	6	21509266	5516388,8	Jackpot	196169,2	4	17058,1	23	5826,8	202	218,8	1793	49,7	15778	20,5	38114	10,7	328525	5	306254
Sa	26	8	2017	19	2	28	11	24	49	 	9	44931384	8391997,3	Jackpot	536105,7	3	7586,4	106	2023,8	1192	132	6092	30,8	52105	15,8	101603	8,4	859620	5	701382
Mi	30	8	2017	29	5	9	34	21	7	 	3	22663866	9842484,7	Jackpot	818023,5	Jackpot	8019,8	51	2561,6	479	141	2900	34,6	23628	16,4	49595	8,9	410807	5	340242
Sa	2	9	2017	14	5	8	3	34	33	 	6	47870210	12906178,1	Jackpot	2573577,6	1	13101,1	67	4478,4	588	209,5	4188	47	37323	21,1	83063	10,6	741435	5	663174
Mi	6	9	2017	33	12	48	19	16	28	 	3	24642702	14483311	Jackpot	448387,1	2	13587,4	33	3887,7	346	173,9	2577	41,8	21420	18,8	47621	10	402224	5	355295
Sa	9	9	2017	40	14	49	8	18	27	 	3	49152525	17629072,6	1	608553	3	12678,1	72	4187,2	654	218,3	4181	49,2	37103	22,7	80245	11,4	717810	5	634782
Mi	13	9	2017	17	40	18	11	30	16	 	6	21120488	1351711,2	Jackpot	381200,6	2	11211,7	34	3665,3	312	159,2	2393	39,5	19257	17,5	43393	9,3	365185	5	316904
Sa	16	9	2017	47	27	31	35	21	26	 	9	44522996	4201182,9	Jackpot	1656334,6	Jackpot	16563,3	50	5343	465	249,8	3315	53,7	30818	23,5	70322	11,7	635326	5	569736
Mi	20	9	2017	36	28	3	46	9	30	 	3	22063388	5613239,7	Jackpot	2458809,3	Jackpot	9553,2	42	4559,5	264	191,9	2090	47,6	16839	19,5	41129	10,9	330746	5	318978
Sa	23	9	2017	10	15	44	19	23	38	 	6	45685925	8537138,9	1	1034306,7	4	11189,4	75	3453,5	729	178,8	4693	40,9	41019	20,1	83143	10,4	724710	5	626977
Mi	27	9	2017	33	31	25	20	37	17	 	6	20491623	1311463,8	Jackpot	106272,6	7	3509	106	1562,8	714	111,5	3334	26,8	27736	15,5	47895	8,1	408400	5	299052
Sa	30	9	2017	46	23	18	19	4	33	 	1	44850500	4181895,8	Jackpot	335978,9	5	7499,5	112	2172,2	1160	163,2	5146	30,8	54489	20,8	80619	8,7	860272	5	551174
Mi	4	10	2017	45	17	19	11	15	16	 	4	21338437	5547555,7	Jackpot	788233,3	1	15764,6	25	4767,5	248	216	1824	45,7	17244	22,9	34298	11,1	318740	5	284245
Sa	7	10	2017	24	21	11	20	49	30	 	6	45866578	8483016,6	Jackpot	1682197,3	Jackpot	15575,9	54	4751,9	531	204,3	4115	47	35751	20,3	82552	10,6	713715	5	635171
Mi	11	10	2017	42	6	3	17	21	20	 	7	23873252	10010904,7	Jackpot	2528041,5	Jackpot	7552,1	56	3321,3	382	151,4	2793	40,1	21081	16,4	51484	9,8	385785	5	390059
Sa	14	10	2017	13	10	35	7	40	9	 	7	48600281	13121322,6	1	1404547,2	3	9915,2	85	3712,7	681	141	5976	37,8	44513	13,8	121719	8,5	887848	5	866744
Mi	18	10	2017	38	10	11	13	7	4	 	4	20940130	1340168,3	Jackpot	376514	2	7382,6	51	2333,7	484	132	2852	28,2	26619	15,2	49327	7,5	450517	5	319923
Sa	21	10	2017	15	4	25	34	10	46	 	1	44635929	4196867,7	Jackpot	423822,1	4	9632,3	88	2728,4	932	207,1	4091	39,2	43177	24,3	69586	10,2	741171	5	501676
Mi	25	10	2017	1	18	42	29	32	36	 	8	21689470	5584993,7	Jackpot	806406,3	1	15507,8	26	4652,3	260	227,6	1771	56,5	14263	22,7	35384	12,7	284181	5	278509
Sa	28	10	2017	22	1	36	24	33	20	 	1	45936592	8524935,5	Jackpot	1760571,4	Jackpot	20959,1	42	5478,9	482	302,1	2913	60,4	29144	29,7	59223	12,7	620829	5	484528
Mi	1	11	2017	18	15	8	31	3	21	 	9	22098898	9939264,9	Jackpot	860840,1	3	9557,5	43	2612,1	472	169,9	2418	35,9	22893	20,9	39324	9,7	378651	5	283126
Sa	4	11	2017	21	47	46	14	3	7	 	6	48161263	13021585,7	Jackpot	883743,7	2	7364,5	120	3054,4	868	170,5	5182	38,6	45757	19,5	90609	10,2	779313	5	664687
Mi	8	11	2017	7	37	43	14	38	24	 	7	24999516	14621554,7	Jackpot	890559,8	1	9087,3	49	4047,9	330	168,4	2643	49,5	17986	17,7	50301	11	363829	5	398838
Sa	11	11	2017	7	1	19	16	11	37	 	7	50140722	17830560,9	1	191815,2	9	4567	189	2060	1257	91	9478	27,1	63653	11,4	150320	7,4	1040931	5	919597
Mi	15	11	2017	6	23	46	40	35	45	 	5	21282525	1362081,6	Jackpot	778920	1	16227,5	24	5841,9	200	216	1803	56,3	13833	21,2	36671	12,5	279842	5	297996
Sa	18	11	2017	9	5	2	35	20	12	 	7	45022869	4243545,2	Jackpot	399022,5	4	5911,4	135	2216,7	1080	120	6649	30,8	51670	14,8	107167	8,5	837554	5	733814
Mi	22	11	2017	28	29	32	24	48	34	 	9	21854862	5642256,3	Jackpot	824489,9	1	14215,3	29	4294,2	288	244,9	1683	50,4	16340	24,8	33154	11,7	314767	5	256764
Sa	25	11	2017	20	37	17	11	26	43	 	9	45819122	8574680,1	1	421612,1	4	10950,9	77	3562,9	710	189,2	4456	42,2	39937	20,6	81750	10,1	746938	5	622530
Mi	29	11	2017	32	9	30	16	25	28	 	8	20812389	1331992,8	Jackpot	758739,1	1	12645,6	30	3671,3	310	185,1	2049	39,5	19192	19	39896	9,5	359148	5	297362
Sa	2	12	2017	17	33	18	12	13	3	 	2	45724314	4258348,8	Jackpot	555635,6	3	8013,9	104	2242,4	1115	128,6	6480	25,2	65896	16	104020	7	1058922	5	653346
Mi	6	12	2017	29	18	11	43	35	19	 	9	23874594	5786322,8	Jackpot	896376,2	Jackpot	17238	26	4074,4	330	232,5	1927	52,1	17173	24,5	36499	11,7	344384	5	289112
Sa	9	12	2017	25	12	46	16	20	7	 	7	48517319	8891431,2	Jackpot	1301051,1	2	6662,9	128	2561,1	999	126,1	6762	35,6	47868	14,6	116766	9,2	828279	5	819258
Mi	13	12	2017	3	17	2	9	27	14	 	0	24073710	10432148,6	Jackpot	905230,7	Jackpot	10058,1	45	2309,2	588	187,3	2416	29,6	30484	21,3	42454	8	504095	5	288766
Sa	16	12	2017	40	30	5	23	6	18	 	9	49143783	13577350,7	Jackpot	540740,4	5	7193,8	125	2758,3	978	157	5725	33,4	53704	18	99530	8,8	915957	5	688395
Mi	20	12	2017	35	8	13	39	44	38	 	4	26160651	15251632,3	Jackpot	980271,8	1	13614,8	36	5070,3	290	237,2	2066	53,2	18405	24,5	39856	12,2	360767	5	320665
Sa	23	12	2017	39	38	11	32	4	31	 	6	57963450	18961293,1	1	346150,9	6	8952,1	116	3730,9	835	139,7	7429	32,7	63458	18,2	113866	9,6	966673	5	900601
Mi	27	12	2017	46	45	37	19	17	31	 	0	22036192	1410316,2	Jackpot	423691,4	2	10592,2	40	3371,5	377	208,9	2028	38,2	22153	25,5	33178	9,6	395482	5	226790
Sa	30	12	2017	37	48	27	11	12	14	 	0	61363996	5337611,9	Jackpot	1171349,1	2	20195,6	58	4459,4	788	276,4	4237	48,2	48512	27,2	85973	10,8	970229	5	665544
Mi	3	1	2018	45	10	34	31	15	35	 	8	22909485	6803818,9	Jackpot	861581,5	Jackpot	11966,4	36	4196	308	220,6	1952	46,5	18511	23,3	36934	11,7	330060	5	274544
Sa	6	1	2018	37	47	46	32	5	14	 	0	47358258	9834747,4	Jackpot	1351671	2	32888,5	28	4596,7	601	320,3	2875	51,8	35538	32,3	56921	11,8	697485	5	446119
Mi	10	1	2018	24	25	3	45	22	43	 	6	24378366	11394962,8	Jackpot	896269,2	Jackpot	14004,2	32	4997,7	269	250	1792	55,9	16024	22,5	39754	11,9	337823	5	333255
Sa	13	1	2018	14	31	48	6	5	16	 	0	49672833	14574024,1	Jackpot	2810131,7	Jackpot	21265,1	45	4323,4	664	288,7	3314	48,4	39464	29,4	65025	11,1	772972	5	503746
Mi	17	1	2018	32	48	13	3	27	25	 	2	26097623	16244271,9	1	1888875,7	2	9486,4	51	2769,9	524	175,4	2757	35,5	27256	20,4	47364	9	480730	5	340473
Sa	20	1	2018	3	45	11	33	18	15	 	4	45746759	2927792,5	Jackpot	422544,1	4	10305,9	82	2682,8	945	170,4	4957	35,4	47737	19,7	85643	9,2	821602	5	608764
Mi	24	1	2018	37	5	45	31	18	3	 	7	21925081	4330997,6	Jackpot	774481	1	7744,8	50	2868,4	405	132,3	2925	34,9	22145	15,4	50002	9,1	379717	5	362905
Sa	27	1	2018	34	24	22	43	4	36	 	6	46317161	7295295,9	Jackpot	1730962,7	Jackpot	13523,1	64	5320,5	488	235,9	3668	55,3	31293	23,8	72693	12,7	610032	5	576931
Mi	31	1	2018	6	26	3	38	8	29	 	8	23727249	8813839,8	1	1296300,1	2	7833	55	2738,2	472	125	3444	30,6	28125	16,4	52509	8,5	454570	5	345741
Sa	3	2	2018	5	39	48	13	20	9	 	5	46293388	2962776,8	Jackpot	826399,3	2	7512,7	110	2979,8	832	146	5659	38,9	42488	16,3	101133	9,6	772254	5	731186
Mi	7	2	2018	15	41	28	20	25	33	 	5	22260647	4387458,2	Jackpot	203571,9	4	10439,5	39	3571,4	342	189,2	2151	50,7	16055	19,1	42462	11,1	329588	5	312553
Sa	10	2	2018	27	41	45	20	17	35	 	8	46542339	7366167,8	1	862836,7	2	10395,6	83	4893,2	529	229,7	3756	51,9	33236	22,6	76129	11,7	661846	5	607145
Mi	14	2	2018	22	16	20	23	24	6	 	6	21109867	1351031,4	Jackpot	765388,7	Jackpot	10630,3	36	4316,1	266	165,8	2308	45,1	16957	19,4	39381	11,2	307011	5	310003
Sa	17	2	2018	27	15	42	37	18	26	 	2	44791205	4217668,5	Jackpot	2459693,2	Jackpot	19253,4	44	5272,7	482	271,2	3123	53,2	31833	26,3	64345	11,7	648143	5	517184
Mi	21	2	2018	29	47	6	8	40	3	 	7	22144048	5634887,5	Jackpot	1626262,5	2	10713,9	37	4247,3	280	177	2239	45,8	17277	18,4	42896	10,9	327042	5	345297
Sa	24	2	2018	27	33	41	18	44	47	 	6	45456075	8544076,3	1	1660619,8	1	6750,4	123	2649,9	940	156	5320	36,7	45181	18,4	90250	9,8	756674	5	642530
Mi	28	2	2018	6	15	32	43	47	36	 	6	20898836	1337525,5	1	773110,7	1	13329,4	29	5042	230	200	1932	56,8	13605	22,4	34396	12,9	268420	5	276157
Sa	3	3	2018	5	37	28	44	24	40	 	8	44685926	2859899,2	Jackpot	274750,3	6	9474,1	87	3150	785	181,9	4531	44,8	36791	21,1	77886	11,3	652924	5	599608
Mi	7	3	2018	5	30	28	35	24	42	 	1	21621589	4243680,8	Jackpot	824961,2	Jackpot	15277	27	4311,6	287	285,8	1443	54,3	15184	28	29435	12	308687	5	235480
Sa	10	3	2018	40	34	8	49	35	19	 	8	45519638	7156937,6	Jackpot	2501305,9	1	11326,6	74	4882,5	515	214,3	3910	53,3	31396	21,7	77066	11,7	641541	5	616623
Mi	14	3	2018	18	48	13	38	30	45	 	7	22431225	8592536	Jackpot	810654,9	1	9650,6	42	3142	387	167,2	2423	43,7	18530	18,3	44209	10,7	338744	5	334693
Sa	17	3	2018	7	29	1	22	17	46	 	7	46548041	11571610,6	Jackpot	412480,5	4	7432	111	2834,9	873	136,7	6033	38,6	42666	15,1	108736	9,7	764599	5	759145
Mi	21	3	2018	38	48	26	29	20	43	 	0	23909513	14033931,6	1	0	Jackpot	17925,2	26	4905,8	285	325,9	1430	55,8	16681	33	28230	12,3	339208	5	220685
Sa	24	3	2018	16	27	34	3	42	45	 	1	44248614	2831911,2	Jackpot	563506,3	3	13416,8	63	3696,4	686	268,5	3147	49,3	34252	28	60187	11,8	643164	5	477441
Mi	28	3	2018	1	47	31	38	23	25	 	7	21535631	2490205,5	2	0	Jackpot	14811,9	26	3876,9	298	189,9	2027	47,7	16145	18,2	42265	10,6	325286	5	337468
Sa	31	3	2018	15	8	1	46	12	48	 	5	46187773	2956017,4	Jackpot	849924,4	2	13490,8	63	4594,1	555	227,3	3738	55,5	30619	22,1	76724	12,4	613455	5	627876
Mi	4	4	2018	33	46	13	30	28	23	 	7	20916165	4294651,9	Jackpot	755815,7	1	9217,2	41	3106	365	149,4	2529	39,5	19093	17,5	43060	10,4	324945	5	312258
Sa	7	4	2018	12	27	47	19	34	15	 	8	44382918	7135158,6	1	1619838,2	1	14209,1	57	4308	564	205,4	3942	49,5	32684	20,3	79698	10,9	663318	5	630514
Mi	11	4	2018	44	20	25	27	48	9	 	5	20413264	2047239,7	1	0	Jackpot	6988,5	53	4225	263	186,5	1985	47,2	15677	19,3	38297	10,7	308971	5	298455
Sa	14	4	2018	42	4	34	33	47	9	 	6	43753628	2800232,1	Jackpot	397460,2	4	13248,6	60	4703,6	507	210,6	3773	51	31152	20,1	78956	10,9	651697	5	635634
Mi	18	4	2018	35	37	7	10	2	4	 	8	20770905	4129570	Jackpot	755525,4	1	7264,6	52	3790,2	299	168,1	2247	37,3	20205	18,8	40120	9,1	373098	5	300172
Sa	21	4	2018	38	29	12	19	23	15	 	5	43507206	6914031,1	Jackpot	785961	2	9948,8	79	3929,8	600	172,9	4545	47	33382	18,4	85176	10,6	666261	5	649984
Mi	25	4	2018	17	6	11	10	25	4	 	6	21638022	8298864,5	1	124685,5	6	3339,7	112	1283,9	874	83	4502	21,6	34502	11,8	63031	6,7	495163	5	390609
Sa	28	4	2018	11	48	2	33	47	9	 	4	42980378	2750744,1	Jackpot	316346,9	5	9415	84	3616,7	656	194,3	4069	39,6	39915	20,1	78512	9,2	766277	5	584419
Mi	2	5	2018	42	3	5	44	19	12	 	7	20417542	4057466,7	Jackpot	237287,2	3	5740,8	62	2682,8	398	120,1	2962	33,8	21030	14,1	50143	8,5	372505	5	356686
Sa	5	5	2018	5	34	49	1	17	31	 	7	43951479	6870361,3	Jackpot	308762,1	5	6541,5	118	2308,7	1003	120,8	6386	32,4	47599	14,5	105876	8,9	777250	5	744947
Mi	9	5	2018	31	37	43	25	3	9	 	5	22330221	8299495,4	1	99595,4	8	3319,8	120	1404,4	851	111,4	3574	28,4	28043	15,5	51302	8,8	406404	5	353668
Sa	12	5	2018	27	23	38	36	42	29	 	0	42450095	2716806	Jackpot	831457,3	2	17322	48	4679,8	533	336,4	2471	53,2	31207	34,8	47680	12,6	593311	5	375819
Mi	16	5	2018	13	19	12	2	46	34	 	9	20606169	4035600,8	Jackpot	764248,9	Jackpot	16614,1	23	4199,1	273	204,2	1871	44	17343	21,6	35302	10,2	334132	5	268360
Sa	19	5	2018	41	27	44	3	49	4	 	2	43805912	6839179,1	Jackpot	2406220,1	Jackpot	18244,1	45	4629,6	532	255,2	3217	49,6	33090	24,5	66985	10,7	689071	5	535933
Mi	23	5	2018	29	45	16	7	47	36	 	6	20891560	11352207,5	1	0	Jackpot	11662,8	33	4308,2	268	217,1	1772	56,3	13665	22,4	34248	12,7	271275	5	282247
Sa	26	5	2018	48	27	24	16	47	10	 	6	42978956	2750653,1	Jackpot	1557010,9	1	13901,8	56	4845,4	482	193,7	4018	46,5	33483	18,7	82989	10,2	683851	5	633743
Mi	30	5	2018	29	15	35	23	38	48	 	2	20820659	4083175,2	Jackpot	803198,2	1	14342,8	28	4154,4	290	303,5	1323	52,7	15227	31,2	25688	13	277866	5	209165
Sa	2	6	2018	24	30	1	19	31	10	 	7	43497175	3433497,2	2	1518784,8	1	5709,7	133	2244,5	1015	110	6898	29,5	51358	13,2	114601	8	854038	5	755384
Mi	6	6	2018	18	13	3	15	8	42	 	6	19917027	1274689,7	Jackpot	720710,8	Jackpot	12426	29	3431,9	315	169,5	2125	41,7	17274	18	39820	10	322416	5	295343
Sa	9	6	2018	39	13	34	16	42	35	 	9	42634521	4003299	Jackpot	1164101,4	2	12757,8	63	5581,5	432	263,3	3052	59	27234	25,7	62462	12,6	569848	5	502746
Mi	13	6	2018	4	48	3	6	10	46	 	3	20832196	5336559,5	Jackpot	245942,2	3	13175,4	28	3535,9	313	156,5	2356	38,9	18961	16,1	45695	9,2	358176	5	340914
Sa	16	6	2018	46	40	19	4	31	33	 	2	43152464	8098317,1	1	322418,5	5	5597,5	144	1728,4	1399	161	5005	31,3	51431	20,2	79717	9	802754	5	538709
Mi	20	6	2018	22	31	33	36	6	43	 	5	19532226	1250062,4	Jackpot	716263,5	Jackpot	9948,1	36	3295,6	326	174,1	2057	46,6	15339	20	35725	11,4	280894	5	270683
Sa	23	6	2018	25	49	29	48	17	6	 	1	42374796	3962049,3	Jackpot	1155604,8	2	12268,8	65	3877,5	617	224,9	3545	42,2	37781	23,5	67863	10	716231	5	505190
Mi	27	6	2018	37	46	13	35	45	17	 	3	21502235	5338192,3	Jackpot	795124,4	Jackpot	14198,6	28	3539,1	337	186,5	2131	43,8	18135	20,8	38151	11,3	316437	5	284746
Sa	30	6	2018	24	42	40	38	16	37	 	9	43812668	10578109,7	1	0	Jackpot	17455,1	47	4228,8	582	209,4	3916	44,2	37099	22,2	73599	10,7	689766	5	538900
Mi	4	7	2018	25	1	37	5	32	10	 	8	19915143	1274569,1	Jackpot	715468,2	1	8943,3	40	3262	329	155,9	2294	36,5	19593	17,1	41631	8,9	357934	5	305664
Sa	7	7	2018	36	25	13	5	18	2	 	2	42530753	3996537,2	Jackpot	528863,4	3	9916,1	80	3131,4	760	196,3	4041	38,9	40783	21,7	72980	9,8	726040	5	535501
Mi	11	7	2018	44	18	3	1	42	28	 	5	20722358	5322768,1	1	252666,1	3	16478,2	23	3777,4	301	228,4	1659	52	14552	21,5	35241	11,5	294055	5	290993
Sa	14	7	2018	49	48	41	40	47	30	 	0	42346704	2710189	Jackpot	205646,7	8	4052,1	203	1037,7	2378	213,3	3856	40,4	40672	29,6	55491	12	612633	5	402285
Mi	18	7	2018	33	5	14	19	41	22	 	1	23342792	4204127,6	Jackpot	882297,2	1	12974,9	34	3283,9	403	243,7	1810	44	20028	24,7	35645	10,6	373306	5	270897
Sa	21	7	2018	7	29	6	49	1	20	 	5	42614177	6931434,9	1	307289,6	5	5690,5	135	2388,2	965	130,4	5889	31,7	48456	15,7	97277	8,7	788699	5	643060
Mi	25	7	2018	8	41	9	39	43	40	 	9	19193711	1228397,5	Jackpot	358741,1	2	13797,7	26	3749,9	287	231,2	1551	51,6	13887	24,3	29496	11,8	272199	5	238727
Sa	28	7	2018	35	11	7	31	34	36	 	1	41376707	3876506,7	Jackpot	1569441,4	1	13767	57	4884,1	482	240,4	3263	44,1	35508	26,1	60002	10,7	658933	5	469166
Mi	1	8	2018	46	25	22	45	2	32	 	2	20670384	5199411,2	Jackpot	782483,7	Jackpot	26082,7	15	5697,6	206	251,4	1556	56,5	13840	26,3	29646	12,2	286829	5	237490
Sa	4	8	2018	36	25	29	30	6	31	 	3	42966515	7949268,1	Jackpot	2377111,7	Jackpot	14237,7	56	7055,8	339	276,1	2887	66,1	24113	24,7	64502	12,7	561752	5	557424
Mi	8	8	2018	11	49	8	40	26	18	 	0	21500471	9325298,2	Jackpot	1597535,6	2	13192,8	31	3882,7	316	233,5	1751	41,4	19734	25,6	31834	9,7	376291	5	238922
Sa	11	8	2018	5	8	47	46	10	36	 	8	44210829	12154791,2	Jackpot	1617899,1	1	12073,8	67	5453,5	445	243,7	3319	60,8	26606	21,8	74136	12,4	585226	5	619386
Mi	15	8	2018	13	6	31	24	18	29	 	9	22487958	13594020,5	Jackpot	834635,4	1	11923,3	35	2851,8	439	187,8	2222	38,4	21720	21,1	39389	9,5	394699	5	291679
Sa	18	8	2018	1	14	46	42	34	3	 	3	45464011	16503717,2	Jackpot	850616,6	2	15189,5	56	5907	432	285,9	2975	66,4	25601	25,8	65904	13,5	566577	5	561995
Mi	22	8	2018	7	15	16	26	6	32	 	0	23632223	18016179,4	Jackpot	300890,3	3	15044,5	30	3480,7	389	239,8	1882	37,1	24305	24,3	37075	8,9	453105	5	255388
Sa	25	8	2018	37	31	8	16	15	20	 	2	47186226	21036097,8	Jackpot	1792256,4	Jackpot	17571,1	51	5110,9	526	276,7	3238	55,3	32408	26,8	66803	12,1	666338	5	530126
Mi	29	8	2018	21	24	3	17	22	39	 	9	25267745	22653233,4	Jackpot	1366090,5	2	10680,9	44	3624,3	389	205,4	2288	42,7	21993	21,6	43483	9,8	431063	5	323498
Sa	1	9	2018	39	46	4	12	38	21	 	1	49774951	25838830,2	Jackpot	471965	4	14522	65	3696,8	766	263,3	3584	46,8	40326	26,4	71501	11	768003	5	564655
Mi	5	9	2018	37	15	9	46	13	3	 	4	31875681	29053125,4	1	0	Jackpot	11290,8	52	4077,2	432	184	3190	39,7	29552	20,1	58263	9,9	531739	5	431056
Sa	8	9	2018	44	23	29	27	30	6	 	2	44495899	2847737,5	Jackpot	840884,8	2	27125,3	31	5568,7	453	282,3	2978	51,4	32669	26,1	64340	11,3	664313	5	516503
Mi	12	9	2018	13	28	7	24	31	32	 	6	21657123	4233793,3	Jackpot	765804	1	6489,8	59	3104,6	370	134,6	2844	35,6	21504	15,3	49917	8,8	387595	5	356893
Sa	15	9	2018	27	39	26	1	12	14	 	1	44144477	7059039,8	Jackpot	417497,9	4	18152	46	4274,7	586	238,5	3501	47,1	35453	25,2	66061	10,8	693273	5	509415
Mi	19	9	2018	5	8	3	47	30	19	 	0	22076284	8471921,9	Jackpot	139684,6	6	6869,7	61	1685,2	746	157,1	2666	26,9	31139	21,3	39203	8,1	463209	5	248836
Sa	22	9	2018	17	37	41	33	42	47	 	0	44695824	11332454,6	Jackpot	576949,8	3	9615,8	90	2222,8	1168	181,1	4777	29,4	58829	24,4	70668	8,6	897861	5	435777
Mi	26	9	2018	18	36	44	10	38	25	 	3	23114572	12811787,2	Jackpot	422926,1	2	7689,5	55	3171,9	400	187,8	2251	43,3	19508	20,4	41455	10,7	355081	5	323886
Sa	29	9	2018	9	5	19	4	16	45	 	7	46758512	15804331,9	Jackpot	806018,3	2	5337,8	151	2403,6	1006	108,7	7412	29,8	53953	12,8	125662	7,8	923780	5	853269
Mi	3	10	2018	33	39	9	30	29	3	 	9	23643029	17317485,7	1	288483	3	4703,5	92	2377,6	546	143,2	3020	36,1	23919	17,8	48426	9	428952	5	330774
Sa	6	10	2018	21	27	45	2	33	26	 	3	43242219	2767502	Jackpot	1600435,7	Jackpot	19517,5	41	6317,5	380	264	3030	58,1	27545	23,8	67199	12,2	588183	5	569850
Mi	10	10	2018	37	14	32	18	1	45	 	0	21291403	4130151,7	Jackpot	2425241,3	1	17930,5	23	4515,3	274	303,6	1358	57,6	14304	32,3	25526	12,8	289132	5	206999
Sa	13	10	2018	3	36	7	9	27	11	 	7	43786889	2310837,5	3	148135,4	10	2452,5	302	1331,3	1669	60,7	12199	19,1	77355	9,7	151438	6,4	1027961	5	855508
Mi	17	10	2018	7	35	20	36	9	24	 	2	20047620	1283047,6	Jackpot	188730,8	4	8031	47	2658,1	426	218,3	1729	41,8	18048	23,9	31575	10,4	323927	5	238306
Sa	20	10	2018	47	2	16	32	45	13	 	7	42614900	5548628,8	1	0	Jackpot	7929	97	2566,5	899	161,8	4751	42,6	36045	18,2	84146	10,9	632489	5	639564
Mi	24	10	2018	41	24	37	32	5	13	 	7	19707820	1261300,4	Jackpot	233126,9	3	3800,9	92	1736,8	604	108,2	3229	29,8	23462	14,9	46688	9	346753	5	319760
Sa	27	10	2018	30	35	47	40	8	38	 	2	42479678	3979999,7	Jackpot	1620398,4	1	24551,4	33	6031,2	403	310,7	2607	58,7	27581	28,4	56964	12,7	571119	5	463431
Mi	31	10	2018	4	40	13	22	16	6	 	5	21291501	5342655,7	1	761377,9	1	13127,2	29	3858,3	296	160	2378	42,4	17933	17,2	44096	10	339854	5	333863
Sa	3	11	2018	49	18	20	6	28	42	 	1	42774080	2737541,1	Jackpot	812202,1	2	13314,7	61	4143,8	588	269,2	3017	50,1	32383	27	60161	11,5	632023	5	481091
Mi	7	11	2018	42	41	15	37	4	31	 	4	20823377	2035118,6	2	779348,2	1	14987,4	26	5265,8	222	242,3	1608	53,8	14481	23,9	32550	12,1	289007	5	257102
Sa	10	11	2018	3	13	14	40	29	41	 	7	42620590	2727717,7	Jackpot	513205	3	13746,5	56	4882,5	473	204,2	3769	54	28461	20,2	76104	12,2	563804	5	637285
Mi	14	11	2018	22	9	31	4	27	41	 	9	20686254	4051637,9	Jackpot	381195,5	2	6572,3	58	2056,8	556	151,3	2519	32,8	23218	19	39944	9,1	375508	5	279059
Sa	17	11	2018	3	40	31	18	6	39	 	5	43437750	6831653,9	Jackpot	192122,9	8	4520,5	170	1721,7	1339	119	6457	28,9	53101	14,5	105307	8,2	835424	5	713805
Mi	21	11	2018	30	24	29	47	18	42	 	7	21477444	8206210,3	Jackpot	775191	Jackpot	13365,3	29	5644,5	206	188,8	2052	54,7	14158	18,9	40843	11,9	291202	5	322451
Sa	24	11	2018	20	37	15	45	14	40	 	1	44436762	11050163	Jackpot	2501153,8	Jackpot	22127,7	39	6940,8	373	351,5	2455	68,3	25261	34,7	49648	14,7	526815	5	422960
Mi	28	11	2018	31	49	48	28	26	23	 	0	22770508	12507475,5	Jackpot	3372343,4	Jackpot	11463	38	4256,6	307	284,5	1531	48,8	17828	27,8	31285	10,8	360517	5	243209
Sa	1	12	2018	23	46	31	6	8	27	 	2	47040389	15518060,3	1	1025608,4	5	11400,6	77	3055,1	862	199,6	4396	39,8	44057	22	79760	9,9	794285	5	590524
Mi	5	12	2018	48	29	49	36	47	13	 	5	22633700	1448556,8	Jackpot	845618,8	1	17617	24	4974,2	255	240,9	1755	55	15372	23,6	35793	12,5	303706	5	282421
Sa	8	12	2018	12	44	26	25	6	46	 	3	46450262	2210686,7	2	564650,6	3	8223	103	3028,5	839	173	4893	39,9	42375	19	89094	9,7	779886	5	662559
Mi	12	12	2018	3	20	7	34	48	33	 	6	20761914	1328762,4	Jackpot	370738,9	2	10904	34	3783	294	172,8	2145	42	17617	17,2	42873	9,7	342972	5	327483
Sa	15	12	2018	30	45	31	23	1	37	 	9	43892629	4137890,6	Jackpot	823826,3	2	15543,8	53	4628,2	534	309,4	2662	65	25344	27,3	60270	13,6	545151	5	532132
Mi	19	12	2018	41	34	19	4	32	12	 	4	22074364	5550649,8	Jackpot	115007,8	7	6940,1	58	2317,8	521	155,7	2585	34,8	23082	17,9	44756	9,1	397031	5	314775
Sa	22	12	2018	20	43	25	21	8	44	 	5	47376421	8582740,7	Jackpot	1757072,9	1	18302,8	48	5976,4	441	282,1	3114	67,9	25861	25,4	68925	14,1	557202	5	617078
Mi	26	12	2018	2	43	30	22	36	16	 	4	23715223	10100514,9	Jackpot	452461,1	2	10522,3	43	3247,3	418	284,5	1590	56,5	15991	28,7	31460	13,3	305374	5	258123
Sa	29	12	2018	47	4	14	25	38	44	 	4	58926969	13871840,9	Jackpot	737931,7	3	8322,5	133	3525,1	942	190,2	5818	44,1	50086	22,9	96278	11,2	883483	5	710841
Mi	2	1	2019	15	17	36	5	13	19	 	4	23426040	15371107,4	Jackpot	876884,8	Jackpot	13286,1	33	4256,7	309	204,1	2148	41,9	20908	23	38040	10,1	388389	5	288981
Sa	5	1	2019	40	16	22	4	45	31	 	8	47764737	18428050,5	Jackpot	439221,9	6	6417,6	137	2220,2	1188	156,9	5603	37,1	47339	20,2	86707	10,8	731319	5	648191
Mi	9	1	2019	44	8	7	29	14	22	 	7	25999909	20092044,6	Jackpot	929276	Jackpot	10100,8	46	3882,7	359	160,3	2897	47,8	19419	16,9	54674	11,5	362299	5	408640
Sa	12	1	2019	9	31	4	25	38	40	 	6	50567421	23328359,5	Jackpot	1369519,7	2	5517,5	164	2130,8	1274	129,4	6988	30,7	58874	15,7	114642	8,3	972337	5	789952
Mi	16	1	2019	35	5	31	12	6	13	 	4	28034871	25122591,2	Jackpot	515775,1	2	17785,3	29	3565,2	434	211,2	2442	42,5	24265	20,9	49297	9,7	476053	5	381540
Sa	19	1	2019	47	6	36	24	29	12	 	9	52218966	28464605	Jackpot	324097,9	6	7841	124	2770	1053	151,8	6402	32,7	59378	21,4	90855	10,5	830001	5	664319
Mi	23	1	2019	42	33	35	37	7	6	 	3	37293773	0	Jackpot	10735892,8	3	13296,7	51	5124,4	397	212,1	3197	50,3	26934	19,4	69690	10,6	573237	5	539473
Sa	26	1	2019	47	35	31	18	29	16	 	6	45025282	2881618	Jackpot	1670434,2	1	13471,2	62	3964,6	632	209	3996	47,1	35399	21,8	76303	11,7	639107	5	585336
Mi	30	1	2019	7	23	13	36	22	19	 	6	21984285	4288612,2	Jackpot	797663,3	Jackpot	9970,7	40	2932,5	408	158,4	2517	37,2	21415	17,4	45674	9,3	382477	5	321703
Sa	2	2	2019	37	30	29	21	34	3	 	3	45837535	7222214,4	Jackpot	832679,4	3	16041,2	53	7104,6	359	252,5	3366	63	26953	23,6	71985	12,6	607021	5	596283
Mi	6	2	2019	10	22	21	5	33	36	 	5	23474334	9572775,2	1	0	Jackpot	8315,7	51	3348,1	380	168	2523	45	18843	18,4	46022	11,1	343483	5	350555
Sa	9	2	2019	32	34	49	2	42	39	 	2	43955137	2813128,7	Jackpot	1651887,4	Jackpot	12146,2	68	4975,5	498	228,6	3612	51,9	31819	24,1	68499	11,7	633387	5	529113
Mi	13	2	2019	31	23	42	43	5	11	 	9	22326658	4242034,8	Jackpot	827333,5	3	9882,3	42	3402,1	366	203,5	2039	41,1	20181	22	37603	10,2	364130	5	286658
Sa	16	2	2019	11	9	10	18	22	6	 	7	44572369	7094666,4	1	109123,6	14	3569,4	214	1481,3	1547	92,4	8264	25,4	59962	12,1	125375	7,4	919836	5	831249
Mi	20	2	2019	21	11	5	12	48	19	 	2	20751907	1328122	Jackpot	770638,6	1	10414	37	2591,8	446	177,3	2173	32,3	23786	19,7	38968	8,7	398563	5	268289
Sa	23	2	2019	27	47	29	15	8	21	 	1	43115371	4087505,7	1	1649783,6	1	15563,9	53	4852,3	510	275,6	2992	53,5	30815	28,1	58624	12,3	601654	5	460093
Mi	27	2	2019	49	24	13	11	20	19	 	2	20418964	1306813,6	Jackpot	762064,8	Jackpot	13139	29	3735,6	306	224,7	1695	41,8	18200	22,2	34282	9,6	356848	5	256404
Sa	2	3	2019	49	41	48	38	46	42	 	6	43914434	1029334,3	4	119760,9	20	2584,1	316	945,8	2590	137,1	5953	31,3	52094	22,9	71063	12	608900	5	563029
Mi	6	3	2019	43	1	46	9	35	37	 	5	20859857	1335030,8	Jackpot	769153,2	Jackpot	12819,2	30	6445,4	179	251,8	1527	62,1	12372	23,5	32613	13	264985	5	280673
Sa	9	3	2019	38	8	20	12	32	22	 	6	43555081	4122555,9	Jackpot	2365216,2	1	10101,6	79	3362,4	712	173,2	4607	41,7	38236	19,4	82039	10,5	682332	5	605877
Mi	13	3	2019	15	19	33	36	34	20	 	5	21672160	5509574,1	Jackpot	797221,6	Jackpot	15944,4	25	5485,4	218	247,4	1611	62,9	12664	23,4	33953	13,2	271635	5	295369
Sa	16	3	2019	20	22	10	14	46	39	 	1	44431240	8353173,4	1	2507260,1	1	19432,2	44	4750,1	540	306,2	2792	58,8	29062	31,3	54538	13,3	577015	5	454327
Mi	20	3	2019	19	4	44	47	40	9	 	3	20890761	1337008,7	Jackpot	756276,1	1	8594	44	2656,7	427	155,1	2438	35,4	21314	17,8	42264	9,2	369254	5	309122
Sa	23	3	2019	3	23	42	44	26	29	 	8	43036434	4091340,4	1	527277,1	3	10984,9	72	4736	501	222,6	3553	51,9	30458	21,7	72611	11,6	610032	5	589114
Mi	27	3	2019	10	15	40	31	36	48	 	1	20093490	1285983,3	Jackpot	772909,6	1	16802,3	23	3930	295	258,8	1493	53,2	14506	29,9	25780	12,4	280245	5	206333
Sa	30	3	2019	49	3	26	46	28	29	 	4	42980836	4036756,8	Jackpot	1613352,4	Jackpot	13010,9	62	3986,8	607	243,5	3312	51,4	31383	24,8	65039	11,5	627073	5	521224
Mi	3	4	2019	13	2	7	22	9	5	 	6	21527287	5414503,1	Jackpot	396039,7	6	2804,7	136	952	1202	89,2	4274	20,1	37883	13,3	57077	7,1	478235	5	351407
Sa	6	4	2019	23	12	21	41	32	42	 	3	43844522	8220552,5	1	202026,7	8	5898,5	137	2037,2	1190	150,5	5367	34,7	46452	19,2	83793	10	727039	5	590814
Mi	10	4	2019	21	22	37	4	39	1	 	4	20141696	1289068,5	Jackpot	757367,4	Jackpot	16464,5	23	5568,8	204	266,6	1420	61	12409	26,4	28666	13	261270	5	241621
Sa	13	4	2019	27	4	19	29	41	36	 	1	52700872	4661924,3	Jackpot	343510,4	8	11310,8	88	3393,2	880	225,8	4408	43,3	45965	24,7	80416	10,8	828580	5	614083
Mi	17	4	2019	11	38	42	18	27	45	 	6	21378175	6030127,5	Jackpot	775461,4	Jackpot	7912,8	49	2661,7	437	163,1	2377	36,2	21391	18,2	42511	9,8	353227	5	313254
Sa	20	4	2019	19	29	25	41	8	6	 	8	44486588	8877269,1	Jackpot	794100,2	3	5657,8	142	2146,2	1123	138,3	5809	33,6	47708	16,9	95055	9	795761	5	665552
Mi	24	4	2019	44	1	9	47	11	49	 	1	21128046	10229464	1	159713,9	5	8680,1	46	2831,8	423	198,5	2011	38,5	20721	22,9	34734	9,8	364361	5	245226
Sa	27	4	2019	47	19	13	2	14	48	 	5	41806942	2675644,2	Jackpot	1517781,1	Jackpot	16146,6	47	4655,7	489	228,1	3327	56,3	26924	21,2	71592	11,9	569674	5	610003
Mi	1	5	2019	27	38	16	4	47	31	 	6	23729813	2097176,1	2	791949,1	3	3900,3	110	1673,7	769	123	3488	32,9	26080	16,6	51539	9,4	407491	5	353107
Sa	4	5	2019	29	1	19	24	35	42	 	8	42180892	2699577	Jackpot	1563074,8	Jackpot	13711,1	57	4946,4	474	219,7	3556	53,3	29321	22,8	68317	11,9	587785	5	552024
Mi	8	5	2019	38	41	5	16	15	10	 	7	20854930	4034292,5	Jackpot	2304246,7	Jackpot	13725,4	27	3597,9	309	165,2	2243	43,8	16896	16,8	43951	10,3	320856	5	336206
Sa	11	5	2019	10	15	47	25	42	31	 	0	43389250	6811204,5	Jackpot	1987265,5	2	13049	64	3684,4	680	274,5	3042	46,6	35813	28,9	57707	10,9	684008	5	442974
Mi	15	5	2019	21	18	13	45	36	35	 	9	21649696	8196785	1	410905,3	2	8385,8	49	4122,7	299	254,2	1616	56,7	14493	26,1	31463	12,8	288891	5	244232
Sa	18	5	2019	43	26	39	11	32	47	 	4	41437512	2652000,7	Jackpot	220445,6	7	9766,5	79	3098,6	747	168,9	4566	37,1	41582	20	76833	9,6	719859	5	527112
Mi	22	5	2019	49	6	16	46	41	40	 	6	20394317	3957236,9	Jackpot	737492,7	Jackpot	13169,5	28	5615,4	197	170,4	2164	49,4	14911	18,5	39742	11,4	289388	5	303399
Sa	25	5	2019	1	6	12	15	21	36	 	9	42030812	6647208,8	Jackpot	1156911,5	2	10946,7	72	3807,5	621	205,2	3840	44	35797	22,3	70518	10,8	655735	5	512426
Mi	29	5	2019	8	44	2	29	32	40	 	2	21632862	8031711,9	Jackpot	116386,5	7	18516	22	4213,9	290	233,8	1742	53,3	15262	24,6	33039	12,1	302102	5	256974
Sa	1	6	2019	25	22	30	29	15	3	 	7	43779701	10833612,7	Jackpot	1575704,9	1	12505,5	63	4336,8	545	180,8	4356	48,1	32698	18,5	85082	11,1	633812	5	666180
Mi	5	6	2019	2	42	11	3	6	49	 	7	22393299	12266783,8	Jackpot	392644,4	2	7408,3	53	3318,1	355	135,2	2904	35,1	22356	14,2	55012	8,5	415338	5	382118
Sa	8	6	2019	17	45	1	13	21	44	 	4	45186570	15158724,2	Jackpot	852089,4	2	17389,5	49	4639,3	551	277,5	3070	55,6	30626	26,2	65009	12,3	622862	5	531911
Mi	12	6	2019	42	21	47	2	24	41	 	1	22615335	16606105,6	Jackpot	864157,6	1	17283,1	25	5515,8	235	304,7	1418	58,4	14786	29	29772	12,4	311742	5	243742
Sa	15	6	2019	4	43	27	40	6	33	 	3	45686129	19530017,8	Jackpot	1658467,2	1	13820,5	60	5171,9	481	212,5	3902	52,3	31691	20,1	82265	10,9	678879	5	666896
Mi	19	6	2019	11	4	38	20	41	23	 	3	25453199	21159022,5	Jackpot	232039,3	4	6106,2	76	1939	718	142,9	3247	33	28096	18,1	51026	9,4	440725	5	363204
Sa	22	6	2019	21	10	12	30	49	11	 	3	46591536	24140880,8	Jackpot	1706392,4	1	10157	84	2938,6	871	169,5	5032	38,3	44498	18,9	89916	9,5	803122	5	649997
Mi	26	6	2019	34	13	42	48	21	19	 	8	27190937	25881100,7	Jackpot	1000925,8	1	10879,6	46	3404,5	441	207,4	2413	48,9	20433	21,4	46602	11,5	391203	5	369198
Sa	29	6	2019	31	34	45	8	1	43	 	1	54733940	0	Jackpot	31482812,6	1	22327	47	6112,8	515	338,7	3098	63,4	33097	30,6	68390	13,4	701337	5	575320
Mi	3	7	2019	42	45	37	39	48	2	 	7	21529121	1377863,7	Jackpot	785873,1	Jackpot	8186,1	48	3061,8	385	185,6	2117	51	15380	20,1	39044	12,5	280839	5	305593
Sa	6	7	2019	46	27	45	40	22	19	 	9	43142952	4139012,6	Jackpot	1200309,4	2	16476,9	49	5794,5	418	268,3	3009	58,9	27371	25,2	64028	12,4	585860	5	532574
Mi	10	7	2019	30	37	25	14	39	3	 	9	21496866	5514812	Jackpot	804416,3	1	12974,4	31	3645,3	331	222	1811	44,5	18075	23	34943	10,4	347452	5	265694
Sa	13	7	2019	29	10	30	3	26	42	 	3	43543884	8301620,5	Jackpot	1592759,8	Jackpot	10618,3	75	3432,6	696	168,4	4729	39,8	39946	18,8	84434	10	715308	5	611507
Mi	17	7	2019	29	8	40	19	47	48	 	5	22327842	9730602,3	Jackpot	2403238,2	1	12663,7	32	5451,6	223	188,6	2148	51,1	15850	19,1	42331	11,3	320580	5	326031
Sa	20	7	2019	35	5	24	9	36	29	 	2	44055246	12550138	Jackpot	550290,5	3	10317,9	80	3473	713	202,1	4083	42,7	38642	22,9	72076	10,5	702923	5	539874
Mi	24	7	2019	1	27	40	45	23	39	 	9	22827840	14011119,7	Jackpot	859670,8	1	10745,8	40	4106,7	314	219,4	1959	48,4	17743	23,8	35987	11,4	336959	5	271246
Sa	27	7	2019	16	17	5	23	21	35	 	6	44476713	16857629,3	Jackpot	538983,5	3	20730,1	39	3995,7	607	201,5	4012	47,6	33964	19,8	81615	10,8	668698	5	644468
Mi	31	7	2019	22	1	35	17	13	23	 	7	24373693	18417545,6	Jackpot	290890,5	3	12833,4	34	4334,4	302	172,8	2524	50,6	17239	17,6	49331	11,3	345894	5	380043
Sa	3	8	2019	42	44	34	40	2	3	 	7	47464783	21455291,7	Jackpot	1724948	1	17249,4	50	7392,6	350	249,2	3460	65,2	26435	21	81823	12,6	614205	5	689033
Mi	7	8	2019	46	30	27	47	21	15	 	2	26189340	23131409,4	Jackpot	1000560,7	Jackpot	19241,5	26	5663,5	265	299	1673	56,8	17611	29,3	34141	13	345573	5	282589
Sa	10	8	2019	8	18	10	16	1	35	 	2	49025126	26269017,4	Jackpot	2851172,1	1	13607,4	68	3736	743	235,6	3926	47	39325	25,4	72721	11,3	735565	5	573768
Mi	14	8	2019	39	15	3	18	30	41	 	1	35200323	28521838	1	147824	9	9239	72	2451,6	814	191,8	3467	37,9	35053	23,6	56284	10,2	585693	5	408636
Sa	17	8	2019	33	45	9	28	2	6	 	0	43470992	2782143,4	Jackpot	1652878,7	Jackpot	11019,1	75	3577,6	693	236,3	3497	40,6	40649	24,8	66594	9,7	762158	5	484913
Mi	21	8	2019	46	44	45	30	39	12	 	9	21413997	4152639,2	Jackpot	2463570,4	1	17623,7	23	5790,6	210	268,4	1510	55,4	14632	25,7	31495	12,2	298855	5	245917
Sa	24	8	2019	44	42	5	38	29	9	 	1	42696086	6885188,7	Jackpot	812404,6	2	14770,9	55	4068,8	599	271,7	2989	48,8	33230	27,4	59269	11,3	643723	5	473480
Mi	28	8	2019	17	31	10	34	22	14	 	3	21860013	9083354	1	0	Jackpot	6772,2	59	2813,8	426	182,4	2190	41,8	19084	19,4	40989	10,5	341367	5	307944
Sa	31	8	2019	36	3	17	25	5	2	 	4	41990224	2687374,3	Jackpot	1538143,7	1	8451,3	91	3051,8	756	170,6	4508	34,5	44491	18,4	83208	8,6	800181	5	585260
Mi	4	9	2019	27	34	29	28	42	36	 	4	21427707	4058747,5	Jackpot	814944,5	Jackpot	17716,1	23	4989,4	245	314,4	1296	63,2	12889	29,4	27630	14,1	258714	5	238607
Sa	7	9	2019	28	36	29	9	11	35	 	3	43275577	6828384,4	1	2419806,6	1	11800,4	68	3889	619	219,9	3648	49,9	32122	22,8	70111	11,8	609174	5	563906
Mi	11	9	2019	42	28	17	3	8	38	 	1	20310390	1299864,9	Jackpot	256496,1	3	9865,2	39	2735,1	422	212,4	1811	38,7	19866	24,1	31892	9,9	346986	5	232089
Sa	14	9	2019	26	43	16	31	34	24	 	7	42450571	4016701,4	Jackpot	762532,6	2	9299,1	82	3320,1	689	156	4887	42,7	35685	17,4	87290	10,5	650384	5	651559
Mi	18	9	2019	44	24	18	34	46	48	 	8	21311120	5380613	1	263103,6	3	7589,5	52	2916,1	406	157,1	2512	39	20201	19,3	40714	10,5	337206	5	279708
Sa	21	9	2019	23	47	37	16	12	14	 	6	41243815	2639604,1	Jackpot	755693,1	2	15113,8	50	5284,5	429	190	3977	47,4	31871	20	75288	11,1	608789	5	573688
Mi	25	9	2019	15	5	37	33	7	23	 	8	20920811	3978536	Jackpot	382511,6	2	9329,5	41	3126,7	367	164,8	2321	35,1	21734	18,7	40806	9	379982	5	294248
Sa	28	9	2019	43	30	44	24	13	27	 	7	42872108	6722350,9	Jackpot	771344,9	2	12441	62	5368,9	431	200,8	3841	52,6	29305	18,8	81644	11,6	594742	5	653068
Mi	2	10	2019	3	48	29	26	33	31	 	0	22548546	8165457,8	Jackpot	287121,7	3	17227,3	25	4767,7	271	264	1631	46	18719	26,8	32111	10,1	381372	5	243503
Sa	5	10	2019	17	8	47	49	27	36	 	5	43416107	10944088,6	Jackpot	786050,1	2	8932,3	88	3098,7	761	155,3	5061	39,4	39815	18,2	86204	10,5	671898	5	641684
Mi	9	10	2019	45	12	32	22	40	2	 	8	23265198	12433061,2	Jackpot	216083,2	4	4646,9	93	1701,4	762	161,8	2670	33,1	26083	22,1	38962	10,5	368053	5	300059
Sa	12	10	2019	45	4	23	36	44	42	 	7	45119712	15320722,7	1	829615,7	2	17651,3	47	6515,3	382	231,9	3577	62,4	26576	21,9	75630	13,1	566610	5	615976
Mi	16	10	2019	17	5	31	38	9	12	 	8	20690018	1324161,1	Jackpot	740118,2	1	5968,6	62	2270,3	489	125,9	2938	28,7	25740	15	49224	7,6	435232	5	323933
Sa	19	10	2019	39	7	38	4	33	11	 	9	42823526	4064866,7	Jackpot	1539977,7	Jackpot	8953,3	86	2552,4	905	152,5	5047	34,2	45013	16,4	93692	8,2	838300	5	654256
Mi	23	10	2019	7	16	19	31	26	1	 	5	21572219	5445488,7	1	2305535,9	1	7088,5	54	1834,4	626	110,1	3475	26,9	28454	14	54642	7,6	447557	5	349981
Sa	26	10	2019	1	17	44	2	37	11	 	6	41864811	2679347,9	Jackpot	761310,3	2	18126,4	42	4632,7	493	215,7	3529	49,2	30922	19,6	77548	10,3	662175	5	605370
Mi	30	10	2019	11	28	48	23	44	22	 	9	21347644	4045597,1	Jackpot	805738,7	Jackpot	11849	34	4196,5	288	235,3	1712	48,7	16512	25,1	32046	11,6	310063	5	250037
Sa	2	11	2019	21	6	41	15	25	17	 	3	43634868	6838228,6	Jackpot	2394074,4	Jackpot	8824	90	2853,2	835	150,7	5269	35,5	44670	17,8	89195	9,4	757962	5	628289
Mi	6	11	2019	11	39	46	45	32	7	 	4	22715248	8292004,4	Jackpot	3229161,7	1	12652,8	33	3939	318	174,5	2392	39,6	21053	20,9	39816	10,5	357376	5	310595
Sa	9	11	2019	9	33	40	44	28	31	 	7	45514725	11204946,8	Jackpot	268557,6	6	7193,5	112	3209,8	753	147,9	5444	39,8	40456	16,2	99425	9,9	725584	5	746192
Mi	13	11	2019	17	44	38	20	18	29	 	0	23667602	12719673,3	Jackpot	915459,9	Jackpot	21796,6	21	5559,4	247	335,3	1365	57,1	16030	31,5	29004	12	341794	5	232895
Sa	16	11	2019	47	25	4	1	28	16	 	1	46954888	18415305,1	1	0	Jackpot	11234,5	79	3864,4	689	235,1	3774	44,2	40089	24,9	71096	10,9	732402	5	544348
Mi	20	11	2019	10	18	2	42	31	7	 	0	20781025	1329985,6	1	793067,1	1	9012,1	44	2314,3	514	183	2166	30,1	26268	24,1	32779	8,8	401777	5	225971
Sa	23	11	2019	36	24	5	28	11	26	 	5	42257837	2704501,5	Jackpot	1509652,6	1	6621,2	114	3162,6	716	134,8	5596	36,6	41165	15,7	96002	9,3	729063	5	665578
Mi	27	11	2019	41	40	1	20	12	33	 	9	21129982	4056820,3	Jackpot	792601,2	1	16512,5	24	6035	197	276,9	1431	55,9	14159	24,5	32338	11,4	311959	5	257332
Sa	30	11	2019	5	33	47	38	43	42	 	5	44205377	6885964,4	Jackpot	1615339,4	1	8779	92	2867,4	845	160,8	5020	42,8	37657	18,6	86795	10,7	674589	5	624030
Mi	4	12	2019	48	46	12	35	45	13	 	2	24774287	8471518,7	Jackpot	927207,4	Jackpot	15986,3	29	4967,1	280	228,3	2030	57	16255	23,4	39502	12,3	336654	5	305903
Sa	7	12	2019	13	11	20	19	2	43	 	4	49139580	11616451,8	Jackpot	687685,2	4	14027,1	65	4046,3	676	205,2	4443	43,9	41463	21,6	84099	10,2	798117	5	637904
Mi	11	12	2019	25	27	36	45	14	32	 	5	24769628	13201707,9	Jackpot	457367,8	2	9942,7	46	5063,1	271	208,8	2190	50,9	17942	22,1	41216	11,8	347674	5	330440
Sa	14	12	2019	4	20	31	16	38	34	 	8	48680964	16317289,5	Jackpot	161714,6	11	4024,5	221	1628	1639	138,8	6405	33,4	53182	18,2	97210	9,9	802225	5	687257
Mi	18	12	2019	25	42	6	48	20	19	 	4	26734071	18028270	Jackpot	992282,4	Jackpot	21571,3	23	4994,7	298	233,9	2121	49,4	20065	22,9	43314	10,9	406273	5	346646
Sa	21	12	2019	27	4	13	14	35	20	 	5	52452550	21385233,2	Jackpot	1463173,7	2	18961,4	51	5246,1	553	238,1	4060	58,1	33256	23	83904	12,6	690657	5	705732
Mi	25	12	2019	47	41	33	36	22	17	 	2	28883824	23233797,9	Jackpot	546286,8	2	11875,8	46	3358,3	488	216,4	2524	42,9	25435	23,9	45639	10,5	465721	5	333522
Sa	28	12	2019	12	19	7	18	24	23	 	2	51674421	26540960,8	Jackpot	940113,3	2	9792,8	96	2272,6	1241	156,6	6001	30	62591	17,1	109357	7,6	1104307	5	745556
Mi	1	1	2020	42	17	44	13	7	37	 	8	30724801	28507348	Jackpot	1133658,3	Jackpot	11114,2	51	2588,2	657	168,1	3371	36	31433	19,3	58543	9,4	537486	5	411886
Sa	4	1	2020	30	7	27	1	18	13	 	1	60588904	32385037,8	1	565208	6	6168,2	183	1855,5	1825	148,4	7602	28,4	79359	18,8	119770	8,3	1214294	5	768172
Mi	8	1	2020	35	11	25	3	2	27	 	2	22637554	1448803,4	1	104809,2	8	8734,1	48	3090,1	407	168,8	2483	35,2	23793	19,9	41984	8,9	419663	5	297047
Sa	11	1	2020	37	48	19	28	42	10	 	9	43738578	2799268,9	Jackpot	811925	2	10277,5	79	3278,2	743	190,7	4257	42,7	38006	22	73577	10,8	670674	5	566304
Mi	15	1	2020	2	24	8	46	31	43	 	4	22075449	4212097,6	1	274713,1	3	10565,8	39	4495,3	275	249,5	1651	53,2	15463	24,3	33904	11,8	313914	5	276700
Sa	18	1	2020	12	41	22	43	14	32	 	3	43273774	2769521,5	Jackpot	537087,6	3	10197,8	79	3437,9	703	207,4	3884	48,5	33186	22,3	72140	11,9	605910	5	550947
Mi	22	1	2020	16	41	33	23	3	47	 	4	21592895	4151466,7	Jackpot	399730,3	2	11420,8	35	3139,2	382	163,6	2443	35,5	22459	20	39807	9,4	381808	5	283979
Sa	25	1	2020	30	12	9	28	34	43	 	3	44201100	6980337,1	Jackpot	815736,4	2	11822,2	69	4316	567	205,7	3965	48,3	33725	21,5	75640	11,1	655995	5	591390
Mi	29	1	2020	22	24	48	17	49	39	 	0	22556063	8423925,1	Jackpot	868653,3	Jackpot	15511,6	28	5616,2	232	276,6	1570	50,9	17037	29,7	29190	11,3	343945	5	229582
Sa	1	2	2020	47	8	42	32	12	7	 	6	46751636	11416029,8	Jackpot	2547685,6	1	10238	82	3650	690	176,9	4745	42	39972	17,8	94100	9,7	774600	5	718678
Mi	5	2	2020	49	39	13	37	16	31	 	7	24669864	12994901	1	434102,2	2	10587,8	41	3391,4	384	143,4	3026	43	20154	15,1	57217	10	387868	5	414803
Sa	8	2	2020	30	36	42	38	10	1	 	3	43751488	2800095,2	Jackpot	544768,6	3	23347,2	35	6334,5	387	289,8	2819	63,8	25605	24,5	66519	12,6	580823	5	546518
Mi	12	2	2020	49	24	31	41	2	10	 	3	22551133	4243367,7	1	411495,9	2	8068,5	51	3157,2	391	184,6	2229	41,8	19665	19,1	42950	9,9	372348	5	320475
Sa	15	2	2020	2	20	40	22	5	11	 	5	42865092	2743365,8	1	506767,5	3	5206,5	146	2147,3	1062	109,1	6967	30,7	49458	14,4	105407	8,8	772465	5	697231
Mi	19	2	2020	22	27	3	11	7	42	 	7	20576489	1316895,2	1	139964,4	5	3210,1	109	1610	652	74,7	4678	24,4	28656	10,5	66306	7,4	422257	5	394625
Sa	22	2	2020	11	6	31	24	21	32	 	0	42067858	2692342,9	Jackpot	799890,5	2	15092,2	53	3096,3	775	212,9	3756	34,7	46024	24,1	66116	8,7	826385	5	468755
Mi	26	2	2020	47	5	33	2	18	45	 	7	21005729	4036709,5	Jackpot	746392,7	1	7774,9	48	2900,4	386	142,1	2626	37,8	19736	16	46364	9,6	346356	5	338914
Sa	29	2	2020	29	42	10	3	9	8	 	0	43859709	6843730,8	Jackpot	1683496,8	1	12753,7	66	3541,7	713	233,4	3606	38,4	43738	26,4	63589	9,6	786834	5	457573
Mi	4	3	2020	22	46	14	19	29	47	 	5	22489135	8283035,4	Jackpot	416233,1	2	14865,4	28	5117,6	244	241	1727	61,8	13468	23,7	35014	13,3	280675	5	296120
Sa	7	3	2020	9	26	36	11	44	16	 	0	45009269	11163628,6	1	289518,9	6	15791,9	55	3336,3	781	279,7	3105	43,1	40251	29	59863	10,3	754271	5	450581
Mi	11	3	2020	24	23	49	41	47	7	 	5	20491656	1311465,9	Jackpot	739751,2	Jackpot	14225,9	26	3626,2	306	171,2	2160	43,9	16836	18,2	40613	9,9	334423	5	307370
Sa	14	3	2020	38	49	11	30	2	19	 	2	42600742	4037913,3	Jackpot	385401,5	6	6720,7	117	2454,7	961	157,8	4981	34	46156	19,3	81188	8,9	792618	5	569469
Mi	18	3	2020	19	31	28	13	34	22	 	5	21115003	5389273,4	Jackpot	767125,1	1	8920	43	3374,4	341	170	2256	43,3	17702	18,3	41840	10,1	338696	5	306978
Sa	21	3	2020	22	4	36	34	26	1	 	4	41199308	8026029,1	Jackpot	1546454,3	1	14319	54	5932,6	391	278,5	2776	63,4	24376	26	59299	13,2	526193	5	499671
Mi	25	3	2020	11	6	18	35	21	49	 	9	20651235	9347708,1	Jackpot	764836,8	1	11588,4	33	3487	329	206	1856	42,9	17827	21,3	35815	10,2	337215	5	271114
Sa	28	3	2020	46	36	4	39	28	2	 	7	41914436	12030232	Jackpot	1518464,9	1	15494,5	49	5946,9	383	214,8	3533	58,4	25998	20,5	73817	12,5	542639	5	618009
Mi	1	4	2020	15	46	48	39	22	4	 	6	22641167	13479266,6	Jackpot	834055,3	1	13900,9	30	6043,8	207	217,5	1917	56,5	14736	21,8	38235	12,6	297821	5	306199
Sa	4	4	2020	12	24	43	41	17	9	 	1	54214011	16948963,3	1	670652,7	3	9766,7	103	2728,6	1106	174,1	5778	35,3	56897	19,6	102446	8,8	1021760	5	703545
Mi	8	4	2020	31	25	22	18	44	5	 	4	20258880	1296568,3	Jackpot	374613	2	12917,6	29	4273,1	263	208,1	1800	44,5	16836	21,7	34492	10,5	320938	5	268122
Sa	11	4	2020	26	29	47	13	18	42	 	4	41346174	3942723,4	Jackpot	1555049,6	1	13884,3	56	3696,6	631	228,8	3398	46,8	33191	23,9	64921	11,3	616492	5	495287
Mi	15	4	2020	22	24	27	30	11	46	 	0	20711571	5268263,9	Jackpot	398368,7	2	13736,8	29	3578,1	334	277,2	1437	43,1	18448	28,1	28307	10,4	341938	5	212574
Sa	18	4	2020	15	28	42	11	39	35	 	3	42540412	7990850,2	1	1585121,9	1	12992,8	61	4625,8	514	216,4	3661	52,1	30406	23,1	68616	12,1	588243	5	539280
Mi	22	4	2020	13	29	34	9	49	39	 	7	19988007	1279232,4	Jackpot	709926,6	Jackpot	4328,8	82	1792,7	594	110,1	3222	30,2	23436	16,5	42997	10,5	301933	5	323101
Sa	25	4	2020	4	17	19	30	25	11	 	4	41399307	3928788	Jackpot	314107	7	3703,5	201	1344,5	1661	103,3	7205	23	64616	14,4	103184	7,1	936744	5	632374
Mi	29	4	2020	1	5	41	32	7	36	 	9	23881412	5457198,3	Jackpot	295828,8	3	17067	26	4482,2	297	225,5	1967	47,8	18540	22,6	39163	10,3	385049	5	307486
Sa	2	5	2020	10	11	27	4	49	16	 	2	43251041	8225264,9	Jackpot	1597762,3	1	10112,4	79	2796,5	857	174,8	4568	34,7	45990	19,8	80672	8,7	817898	5	575966
Mi	6	5	2020	31	19	47	43	5	34	 	5	22656180	9675260,4	Jackpot	201712,7	4	4919,8	82	2044,3	592	121,3	3324	33,2	24267	15,2	53039	9,4	383046	5	361917
Sa	9	5	2020	36	2	23	9	17	22	 	7	45069638	12559717,2	Jackpot	529715,9	3	8025,9	99	3362	709	156,5	5077	43,2	36737	16,2	97538	10,2	697632	5	751777
Mi	13	5	2020	17	21	46	43	20	12	 	4	24390179	14120688,6	Jackpot	914548,8	Jackpot	18290,9	25	4864,6	282	285,6	1601	60	15224	26,1	34949	12,5	326655	5	297726
Sa	16	5	2020	47	8	3	6	11	48	 	4	47320854	17149223,2	Jackpot	530546,9	5	10346,3	84	2922,9	892	186,1	4668	37	46974	19,5	88979	8,9	871956	5	650007
Mi	20	5	2020	42	31	33	45	49	9	 	1	26155243	18823158,7	Jackpot	985873	1	9300,6	53	3791,8	390	212	2325	41,2	23919	23,7	41462	9,9	446623	5	308991
Sa	23	5	2020	17	35	1	27	11	4	 	8	47421701	21858147,5	Jackpot	425437,9	4	7806,2	109	2495,2	1023	141,5	6010	33,1	51339	16,5	102745	8,7	870799	5	731669
Mi	27	5	2020	25	43	47	39	4	36	 	3	26982748	23585043,3	Jackpot	997510,3	1	18472,4	27	4858	308	216,4	2304	51,3	19418	21,5	46190	11,7	383222	5	357875
Sa	30	5	2020	42	18	35	5	33	43	 	0	51594439	26887087,3	Jackpot	1994315,5	Jackpot	19552,1	51	4183,8	715	300,8	3315	49,5	40213	30,8	64566	11,7	762270	5	510404
Mi	3	6	2020	20	25	33	38	31	43	 	0	34991746	0	Jackpot	32468743,6	1	13214,4	51	3330,8	607	248,3	2714	37,8	35652	27,5	48967	10,2	592197	5	355542
Sa	6	6	2020	16	21	25	49	40	18	 	1	44157904	2826105,8	Jackpot	418710,1	4	17446,2	48	4592,7	547	266,8	3138	53,4	31328	26,9	62097	11,6	646608	5	500888
Mi	10	6	2020	36	42	11	2	20	17	 	1	22776231	4283784,5	Jackpot	867757,1	1	25522,2	17	3337,5	390	263,2	1648	44,3	19562	26,7	32426	10,7	362292	5	250573
Sa	13	6	2020	41	14	36	38	43	20	 	5	43533774	7069946	Jackpot	811781,2	2	15316,6	53	6938,3	351	256,8	3160	69,6	23316	25,2	64422	14,7	496503	5	549020
Mi	17	6	2020	6	29	13	48	38	35	 	3	23255348	8558288,2	Jackpot	861177,6	Jackpot	10764,7	40	4249,2	304	194,2	2217	49,3	17439	22,4	38377	11,7	330367	5	305511
Sa	20	6	2020	14	11	7	2	40	1	 	3	44950906	11435146,1	Jackpot	1248793,3	2	7718,9	106	2757,9	890	152,2	5374	32,5	50201	17,5	93442	8,7	842503	5	646901
Mi	24	6	2020	38	5	18	34	11	41	 	3	25180308	13046685,8	Jackpot	918674,9	1	9773,1	47	2858,9	482	175,1	2622	39,1	23436	19,3	47579	9,8	421061	5	358373
Sa	27	6	2020	42	49	24	27	14	21	 	4	45722461	17685524,1	1	0	Jackpot	12060,5	71	4506,8	570	221,1	3872	49,5	34540	24	71261	12	637252	5	561797
Mi	1	7	2020	38	32	36	2	44	39	 	1	21628699	1384236,7	Jackpot	834479,7	1	20861,9	20	5418,6	231	315,8	1321	55,7	14975	31,3	26649	12,7	295272	5	217063
Sa	4	7	2020	19	49	17	36	33	6	 	0	43168200	2073500,7	2	411790,2	4	10425	79	2415,1	1023	203,6	4044	32,7	50292	23,9	68778	8,6	854306	5	469945
Mi	8	7	2020	15	41	9	44	28	23	 	7	21768189	1393164	Jackpot	389725,5	2	6959,3	56	3796	308	163	2390	47,4	16420	17,9	43498	11,3	309152	5	339284
Sa	11	7	2020	29	32	46	16	38	8	 	7	43571856	4181762,7	Jackpot	393477,8	4	8842,1	89	2969,6	795	165,3	4759	44,1	35647	18,4	85262	11	639886	5	651643
Mi	15	7	2020	20	13	25	14	35	47	 	6	22183586	5601512,2	Jackpot	815135,3	Jackpot	13147,3	31	5386,3	227	209,6	1944	55,7	14626	21,7	37543	12,4	293574	5	304138
Sa	18	7	2020	8	11	25	34	28	49	 	7	43668022	8396265,6	Jackpot	2365731,5	1	10068,8	77	4073,3	571	180,5	4295	45,9	33709	17,4	88841	10,4	667482	5	706659
Mi	22	7	2020	44	25	17	6	11	24	 	1	23087877	9873889,7	Jackpot	862344,4	Jackpot	15969,3	27	3553,6	364	193,7	2225	35,8	24035	21,4	40134	8,9	434221	5	288574
Sa	25	7	2020	4	37	10	2	27	18	 	0	44604869	12728601,3	Jackpot	2561300,1	Jackpot	11479,4	74	2474,2	1030	196,4	4324	32,4	52426	23,3	72728	8,7	875844	5	491633
Mi	29	7	2020	35	20	15	34	3	43	 	7	24330919	14285780,1	Jackpot	3452009,6	1	8247,3	54	5138,7	260	211,2	2108	57,7	15412	21,6	41163	13	307271	5	340237
Sa	1	8	2020	39	1	33	20	24	38	 	0	46619520	17269429,3	Jackpot	898436,2	2	14490,9	62	4004,9	673	253,4	3545	44,3	40504	28,4	63205	10,9	736376	5	471477
Mi	5	8	2020	10	42	33	6	8	24	 	4	25914113	18927932,5	Jackpot	947106,3	1	7516,7	63	2569	553	156	3034	34,3	27604	18,5	51072	9,2	460450	5	365498
Sa	8	8	2020	28	48	8	18	14	25	 	7	47966747	21997804,3	Jackpot	1734790,1	1	7957,7	109	2920,5	891	142	6105	37,8	45840	19,2	90318	11,5	673552	5	713120
Mi	12	8	2020	21	35	20	34	4	45	 	4	27274843	23743394,2	Jackpot	513034,3	2	17101,1	30	6107,5	252	269,5	1903	60,2	17020	26,2	39155	13,1	349859	5	326229
Sa	15	8	2020	24	40	44	31	46	16	 	0	50051244	26946673,8	Jackpot	644484	3	12237	79	3399,9	853	247,4	3907	40,4	47806	27,3	70770	10,4	836072	5	497564
Mi	19	8	2020	27	48	38	18	5	22	 	1	37832673	9789321,6	3	178996,8	8	6508,9	110	1956,2	1098	192,4	3721	35,6	40146	23,9	59900	9,9	647714	5	435059
Sa	22	8	2020	29	2	10	37	1	8	 	5	43386097	2776710,2	Jackpot	1580772,3	Jackpot	11975,5	66	3965,1	598	185,4	4262	44,2	35710	19,3	81723	10,7	663528	5	621723
Mi	26	8	2020	40	18	39	26	15	3	 	3	22256693	4201138,5	Jackpot	2388121,6	Jackpot	10350,6	39	3411,3	355	165,4	2440	41,2	19553	18,3	43998	10,1	359091	5	326085
Sa	29	8	2020	19	1	36	12	48	20	 	5	44228545	7031765,3	Jackpot	1001540,6	4	13048,7	62	4388,8	553	209,1	3868	50,8	31831	21,1	76381	11,6	622517	5	620647
Mi	2	9	2020	39	49	6	10	23	45	 	3	23811234	8555684,2	Jackpot	872108,3	Jackpot	9690	45	3007,2	435	188,7	2310	42	20723	19,8	43917	10,4	377123	5	332123
Sa	5	9	2020	7	1	19	3	13	44	 	5	45737863	11482907,4	Jackpot	415243,8	6	4376,6	185	1363,8	1781	95,1	8513	22,1	72954	13	124300	7,1	1014880	5	749632
Mi	9	9	2020	35	49	24	46	22	9	 	0	24874616	13074882,8	Jackpot	958872,2	Jackpot	19177,4	25	4654,7	309	310,1	1546	53,3	17967	30,6	31250	11,8	363086	5	251322
Sa	12	9	2020	45	11	16	41	40	28	 	7	48033152	16149004,5	Jackpot	535005,9	5	10095	85	3876,8	664	175,6	4885	46,6	36767	17,9	95680	11	700836	5	756176
Mi	16	9	2020	41	43	8	48	31	44	 	8	26044162	17815830,8	Jackpot	483398,4	2	14648,4	33	5535	262	208,1	2322	51,7	18681	21,7	44409	11,9	365184	5	337457
Sa	19	9	2020	35	38	29	23	8	1	 	2	48667920	20930577,6	Jackpot	926601,4	2	22600	41	5138,2	541	283,1	3273	57,8	32041	27,6	67005	12,6	658720	5	537437
Mi	23	9	2020	26	6	32	25	19	33	 	0	32759550	23387543,8	Jackpot	900143,6	2	11144,6	56	2789	667	196,7	2623	35,2	34753	24,2	43020	9,5	517064	6	320149
Sa	26	9	2020	8	22	6	47	27	12	 	7	58975862,4	27810733,4	Jackpot	1501603,6	2	7229,9	144	3266,6	950	122	7052	42,6	47836	14,6	119163	9,8	837979	6	840560
Mi	30	9	2020	20	5	7	43	33	21	 	4	35103469,2	30443493,5	Jackpot	1872687,3	1	11803,6	55	4563,9	424	194	2766	52,1	24411	20,3	53433	10,7	477641	6	405732
Sa	3	10	2020	48	13	20	25	33	10	 	8	59023444,8	34870251,8	Jackpot	784348,7	4	8915	122	3558,6	911	163,3	5505	43,3	49218	18,7	96846	10	856276	6	694833
Mi	7	10	2020	15	38	5	37	44	8	 	0	37214520	37661340,8	Jackpot	1048971,8	2	23460,8	31	6005,1	361	355,6	1691	70,1	20350	33,9	35878	13,9	413534	6	304980
Sa	10	10	2020	28	16	8	33	22	4	 	6	65630475,6	42583626,4	1	701292,4	5	9279,1	131	3392,6	1068	170	5910	48	49573	19,6	103606	10,9	874929	6	752756
Mi	14	10	2020	20	27	14	25	26	6	 	2	25913536,8	1943515,2	Jackpot	713139,3	2	17658,6	28	4235,1	348	234	1747	56,3	17200	26	31807	11,6	335190	6	250788
