 6  7 36 39 40 |  1 10 | 7.691 0.481 0.824 0.855 0.630 0.822 0.695 0.719 0.702 0.921 0.766 0.766 (2016, 5, 13)
 1 31 40 41 45 |  5  9 | 0.000 0.000 1.063 0.496 0.674 0.645 0.643 0.699 0.722 0.757 0.815 0.779 (2015, 7, 3)
22 33 42 43 46 |  6 10 | 0.000 0.427 0.732 0.486 0.666 0.866 0.623 0.665 0.781 0.937 0.672 0.825 (2016, 8, 19)
 1 15 34 48 50 |  6 10 | 0.000 1.308 0.374 0.791 0.775 0.784 0.705 0.721 0.785 0.848 0.726 0.825 (2019, 7, 5)
22 31 43 44 50 |  1  9 | 0.000 0.567 1.134 0.665 0.751 0.800 0.724 0.767 0.769 0.843 0.812 0.827 (2019, 4, 5)
34 36 37 39 49 |  8 10 | 0.000 0.425 0.972 0.333 0.832 0.839 0.679 0.636 0.809 0.892 0.643 0.834 (2015, 12, 11)
 9 40 43 44 46 |  1  8 | 0.000 0.620 0.709 0.749 0.838 0.781 0.751 0.877 0.794 0.793 0.921 0.841 (2017, 10, 13)
 3 20 32 40 42 |  4  9 | 0.000 0.000 0.835 0.693 0.816 0.789 0.717 0.820 0.787 0.826 0.892 0.848 (2016, 1, 29)
27 30 45 47 50 |  1  9 | 0.000 0.831 0.475 0.780 0.773 0.818 0.725 0.772 0.795 0.855 0.813 0.849 (2016, 12, 30)
 6 11 38 41 44 |  9 10 | 0.000 0.489 1.397 0.713 0.825 0.898 0.655 0.720 0.824 0.966 0.742 0.854 (2019, 8, 2)
12 24 38 45 46 |  6 10 | 7.667 1.438 1.917 0.784 1.093 1.346 0.650 0.635 0.943 1.137 0.644 0.855 (2016, 5, 6)
 2  4 20 21 49 |  9 10 | 0.000 0.438 1.000 0.778 0.821 0.945 0.708 0.759 0.830 0.982 0.774 0.859 (2019, 8, 9)
25 31 38 49 50 |  5 10 | 4.449 0.834 0.318 0.890 0.777 0.821 0.851 0.874 0.829 0.861 0.896 0.861 (2019, 12, 13)
16 26 32 40 47 |  1  6 | 0.000 0.640 0.732 0.888 0.733 0.757 0.861 0.859 0.820 0.889 0.910 0.862 (2017, 12, 22)
31 36 40 42 45 |  7  9 | 0.000 0.936 0.357 0.710 0.683 0.686 0.758 0.812 0.760 0.735 0.886 0.864 (2019, 7, 12)
 2 30 34 35 45 |  1  2 | 0.000 1.379 0.657 0.654 0.684 0.743 0.708 0.754 0.777 0.795 0.813 0.865 (2019, 10, 25)
 8 22 31 32 36 |  6 10 | 3.851 0.722 0.550 0.770 0.699 0.810 0.722 0.716 0.815 0.943 0.752 0.870 (2020, 5, 29)
 6 12 21 40 49 |  8 10 | 0.000 0.441 0.504 0.533 0.810 0.953 0.597 0.640 0.823 0.939 0.655 0.871 (2016, 4, 1)
12 14 18 38 46 |  9 10 | 2.361 0.443 0.506 0.766 0.891 1.143 0.743 0.752 0.891 1.140 0.752 0.872 (2015, 5, 15)
 1 23 32 45 49 |  5 10 | 0.000 0.429 1.593 0.625 0.826 0.841 0.820 0.816 0.851 0.924 0.854 0.873 (2020, 1, 17)
 9 28 30 43 49 |  8 10 | 0.000 1.054 0.301 0.525 0.817 0.958 0.585 0.599 0.846 0.982 0.601 0.873 (2015, 2, 27)
 2 21 26 44 45 |  1  6 | 0.000 1.047 0.997 0.620 0.668 0.793 0.820 0.878 0.815 0.865 0.935 0.873 (2017, 1, 13)
19 38 40 41 50 |  1  5 | 6.854 0.428 0.245 0.640 0.723 0.707 0.818 0.857 0.796 0.783 0.924 0.874 (2015, 6, 5)
 3 21 26 40 41 |  8 10 | 0.000 0.658 0.658 0.643 0.759 0.853 0.716 0.737 0.827 0.924 0.764 0.875 (2020, 4, 3)
10 14 20 24 40 |  2 10 | 0.000 0.931 0.532 0.662 0.993 1.040 0.767 0.733 1.003 1.103 0.725 0.877 (2016, 4, 29)
 1 18 20 31 36 |  5  9 | 0.000 0.498 1.423 0.638 0.649 0.735 0.722 0.818 0.805 0.854 0.859 0.880 (2015, 11, 20)
 8 23 40 41 42 |  2 10 | 3.789 0.474 0.406 0.724 0.751 0.853 0.775 0.796 0.856 0.904 0.810 0.881 (2019, 6, 14)
14 15 16 22 50 |  2 10 | 0.000 1.171 0.892 0.722 0.696 0.808 0.696 0.758 0.800 0.884 0.763 0.887 (2016, 11, 4)
 1 10 20 43 44 |  6  9 | 0.000 0.323 0.924 0.701 0.799 0.814 0.775 0.813 0.832 0.881 0.868 0.889 (2016, 10, 7)
 4 19 21 31 42 |  5 10 | 0.000 0.952 1.813 0.609 0.807 1.081 0.784 0.765 0.867 1.013 0.791 0.890 (2016, 7, 8)
 2 35 44 45 50 |  6  7 | 0.000 0.000 0.217 0.621 0.696 0.709 0.721 0.774 0.798 0.780 0.841 0.892 (2017, 11, 3)
26 27 30 46 49 |  1  2 | 0.000 0.000 1.027 0.730 0.726 0.803 0.655 0.745 0.795 0.842 0.788 0.892 (2020, 8, 21)
15 19 35 36 41 |  5 10 | 0.000 0.447 0.383 0.827 0.773 0.812 0.775 0.848 0.843 0.925 0.850 0.892 (2020, 3, 6)
11 27 34 35 39 |  6 10 | 0.000 0.669 0.764 0.737 0.736 1.027 0.688 0.704 0.891 1.122 0.715 0.893 (2016, 9, 9)
19 21 24 41 48 |  1  6 | 0.000 0.385 0.660 0.629 0.804 0.834 0.748 0.854 0.816 0.892 0.898 0.893 (2016, 6, 24)
15 28 30 42 50 |  1  8 | 0.000 0.739 0.000 0.684 0.787 0.816 0.818 0.891 0.858 0.881 0.927 0.895 (2016, 9, 2)
20 27 37 41 45 |  1  7 | 0.000 0.964 0.918 0.594 0.823 0.784 0.781 0.889 0.811 0.816 0.945 0.899 (2019, 6, 21)
 4 29 30 31 45 |  1  7 | 0.000 1.007 1.007 0.948 0.763 0.874 0.837 0.862 0.843 0.858 0.926 0.899 (2019, 3, 8)
19 28 34 45 49 |  1  6 | 0.000 1.346 0.769 0.861 0.789 0.889 0.808 0.890 0.857 0.995 0.913 0.899 (2016, 11, 25)
21 24 29 30 50 |  1  5 | 0.000 0.282 0.968 0.703 0.726 0.739 0.791 0.860 0.815 0.814 0.898 0.900 (2019, 9, 6)
 1 20 39 48 50 |  3  7 | 0.000 0.891 0.339 0.971 0.775 0.740 1.082 1.230 0.851 0.804 1.475 0.901 (2016, 12, 2)
19 31 32 40 46 |  8  9 | 0.000 0.295 0.337 0.724 0.787 0.768 0.704 0.722 0.860 0.845 0.746 0.902 (2015, 5, 8)
10 20 35 47 50 |  4  7 | 0.000 0.697 0.531 1.091 0.796 0.802 1.064 1.177 0.881 0.892 1.308 0.905 (2016, 3, 18)
31 32 45 47 49 |  7  9 | 0.000 0.582 0.499 0.890 0.812 0.735 0.871 0.915 0.830 0.784 0.910 0.906 (2019, 7, 19)
22 33 41 46 50 |  2  6 | 0.000 0.981 0.747 0.814 0.851 0.862 0.895 0.973 0.880 0.885 1.033 0.907 (2017, 5, 19)
12 14 20 21 39 |  5 10 | 0.000 0.486 0.555 0.794 0.753 0.910 0.703 0.719 0.893 1.034 0.729 0.909 (2015, 6, 19)
17 21 41 48 49 |  4  8 | 3.947 1.480 0.705 0.772 0.749 0.757 0.960 1.121 0.830 0.835 1.260 0.910 (2019, 9, 20)
 4 23 25 37 39 |  1  9 | 0.000 0.469 2.143 0.767 0.983 1.307 0.765 0.765 0.934 1.152 0.771 0.911 (2016, 1, 15)
11 20 28 41 45 |  5  9 | 0.000 1.244 1.422 1.179 0.956 0.934 0.930 0.888 0.875 0.901 0.917 0.913 (2017, 8, 25)
 2  5 24 43 45 |  4 10 | 4.128 0.774 0.442 0.587 0.892 0.847 0.867 0.773 0.867 0.964 0.809 0.916 (2020, 9, 11)
11 25 32 42 47 |  4  9 | 4.725 0.591 0.506 0.714 0.869 0.943 0.788 0.815 0.892 0.986 0.839 0.916 (2014, 12, 5)
 2  6 30 32 49 |  1  4 | 0.000 0.820 0.937 0.758 0.816 0.859 0.736 0.789 0.883 0.904 0.825 0.916 (2020, 2, 14)
13 20 32 34 47 |  6  9 | 0.000 0.940 0.269 0.669 0.871 0.960 0.773 0.792 0.935 1.003 0.803 0.916 (2016, 6, 3)
21 27 29 34 49 |  8 10 | 0.000 0.810 0.463 0.595 0.835 0.884 0.713 0.745 0.893 0.984 0.754 0.919 (2020, 5, 15)
27 31 44 46 49 |  6  8 | 0.000 1.571 0.673 0.670 0.812 0.751 0.841 0.873 0.850 0.820 0.933 0.919 (2017, 4, 21)
 5 11 35 44 50 |  4 10 | 3.245 0.203 0.695 0.736 0.805 0.860 0.785 0.802 0.885 0.947 0.819 0.919 (2020, 10, 16)
11 38 40 42 48 |  4  5 | 0.000 1.131 1.077 0.617 0.725 0.708 0.787 0.849 0.855 0.786 0.935 0.920 (2017, 9, 8)
 2  3 30 31 45 |  6  8 | 0.000 1.116 0.797 0.555 0.713 0.764 0.787 0.861 0.844 0.873 0.909 0.921 (2019, 11, 29)
 1 24 30 31 47 |  7  9 | 0.000 1.567 0.358 0.691 0.809 0.767 0.758 0.820 0.848 0.817 0.895 0.923 (2019, 2, 15)
 1 16 18 42 47 |  6  8 | 0.000 0.760 0.435 0.865 0.625 0.658 0.792 0.882 0.806 0.784 0.925 0.923 (2016, 11, 11)
10 16 31 37 40 |  3  9 | 0.000 0.544 0.466 0.696 0.823 0.814 0.973 1.054 0.867 0.864 1.139 0.925 (2016, 3, 11)
 8 14 23 30 45 |  1  9 | 4.243 1.061 1.061 1.075 0.934 1.094 0.860 0.867 0.919 1.071 0.881 0.925 (2019, 12, 6)
14 20 23 39 49 |  4 10 | 0.000 0.544 1.347 0.748 0.780 0.845 0.786 0.804 0.869 0.931 0.812 0.928 (2019, 11, 8)
 4 28 29 39 44 |  8 10 | 0.000 0.211 0.963 0.674 0.745 0.866 0.703 0.736 0.876 0.963 0.754 0.929 (2016, 9, 30)
14 18 26 40 45 |  1  5 | 0.000 0.000 1.324 0.988 0.937 0.852 0.846 0.895 0.911 0.918 0.943 0.930 (2017, 7, 28)
13 20 39 40 42 |  3  9 | 0.000 0.912 0.521 0.746 0.900 0.875 1.009 1.032 0.903 0.908 1.041 0.930 (2015, 8, 21)
16 30 33 40 43 |  2  4 | 0.000 0.304 0.348 0.930 0.805 0.754 0.855 0.885 0.858 0.820 0.962 0.932 (2017, 12, 29)
18 39 44 46 47 |  4  6 | 0.000 0.000 0.410 0.740 0.788 0.776 0.983 1.037 0.902 0.862 1.101 0.933 (2017, 8, 4)
12 15 32 40 45 |  7 10 | 0.000 1.041 0.892 0.944 0.938 0.945 0.743 0.754 0.918 0.947 0.770 0.934 (2020, 5, 22)
 1  2 16 31 50 |  1  7 | 0.000 0.875 0.500 0.778 0.887 0.750 0.946 0.948 0.935 0.845 0.977 0.934 (2016, 4, 8)
 1 10 25 46 49 |  1  6 | 4.655 1.164 0.997 0.869 0.959 0.948 1.001 0.937 0.950 0.949 0.929 0.935 (2017, 10, 20)
25 26 30 36 44 |  3  9 | 0.000 0.876 0.834 0.789 0.760 0.740 0.947 1.075 0.849 0.842 1.161 0.935 (2017, 3, 24)
10 18 32 35 46 |  3 10 | 0.000 0.598 0.854 1.042 0.952 0.925 0.751 0.783 0.919 0.973 0.802 0.936 (2019, 8, 30)
 3  7 14 46 48 |  6  9 | 0.000 1.058 1.411 1.003 0.748 0.883 0.731 0.769 0.899 1.039 0.769 0.937 (2015, 2, 13)
14 16 21 25 26 |  8 10 | 0.000 0.301 0.344 0.727 0.822 1.012 0.688 0.742 0.871 1.006 0.750 0.939 (2019, 2, 22)
 3 17 31 34 40 |  1  2 | 0.000 1.904 0.846 0.767 0.959 0.945 0.785 0.795 0.928 0.972 0.819 0.939 (2019, 11, 1)
12 17 29 44 50 |  2 10 | 0.000 0.833 0.793 0.948 0.943 1.010 0.829 0.804 0.948 1.053 0.790 0.941 (2016, 12, 9)
 4  8 22 36 44 |  5 10 | 3.048 2.095 1.959 0.908 1.131 1.491 0.894 0.853 1.000 1.206 0.834 0.941 (2016, 7, 29)
 8 14 34 40 44 |  1  7 | 0.000 1.034 0.591 0.827 0.826 0.820 0.862 0.890 0.897 0.932 0.960 0.942 (2017, 3, 31)
29 37 38 47 50 |  2  4 | 0.000 1.019 0.388 0.604 0.792 0.718 0.853 0.909 0.872 0.824 0.986 0.942 (2016, 7, 1)
11 19 38 42 46 |  3  9 | 0.000 0.497 0.853 1.662 1.019 1.035 1.055 1.011 0.943 0.962 1.052 0.944 (2015, 10, 16)
 6 16 18 29 35 |  6  9 | 0.000 0.000 0.585 0.655 0.934 0.943 0.774 0.776 0.947 1.021 0.744 0.945 (2014, 11, 28)
 2 13 39 45 47 |  4  6 | 0.000 0.522 0.894 0.834 0.903 0.877 0.996 1.015 0.905 0.929 1.062 0.946 (2020, 2, 21)
 7 10 16 32 40 |  1  6 | 0.000 1.806 0.619 0.771 0.835 0.987 0.959 0.950 0.931 1.053 0.930 0.949 (2016, 11, 18)
10 27 43 45 46 |  4  8 | 0.000 1.351 1.030 1.041 0.829 0.780 1.058 1.139 0.892 0.855 1.226 0.950 (2017, 4, 7)
15 18 19 41 42 |  4  6 | 2.446 1.223 0.524 0.804 0.770 0.764 0.909 1.059 0.832 0.834 1.117 0.950 (2019, 8, 23)
 6  9 31 43 44 |  6  9 | 0.000 1.023 0.731 1.000 0.840 0.883 1.089 1.031 0.897 0.920 0.904 0.953 (2019, 10, 18)
 3 19 22 37 39 |  5 10 | 0.000 0.000 1.191 0.682 1.095 1.414 0.696 0.708 1.005 1.246 0.706 0.954 (2015, 2, 6)
 1  7  9 29 46 |  9 10 | 0.000 0.535 0.459 0.723 0.994 1.120 0.820 0.799 1.025 1.154 0.774 0.956 (2020, 9, 25)
 1  4 20 32 34 |  3  6 | 4.872 1.218 0.522 0.888 0.826 0.735 0.963 1.103 0.875 0.846 1.208 0.957 (2017, 8, 18)
12 22 36 38 50 |  2  9 | 0.000 0.275 0.785 0.879 0.872 0.876 1.052 1.042 0.915 0.940 1.047 0.957 (2016, 7, 15)
12 20 21 22 35 |  4 10 | 0.000 1.161 0.000 0.598 0.890 0.913 0.778 0.807 0.947 1.037 0.802 0.958 (2019, 12, 20)
 6 21 30 37 44 |  1  3 | 0.000 1.917 1.533 0.709 1.015 0.961 0.801 0.847 0.942 0.927 0.916 0.958 (2015, 7, 17)
16 29 38 42 48 |  5  6 | 0.000 1.150 0.986 1.104 0.928 0.835 0.923 0.923 0.940 0.875 0.966 0.959 (2015, 1, 2)
 8 26 38 47 50 |  3  7 | 0.000 1.156 1.321 1.274 0.908 0.897 1.397 1.404 0.948 0.894 1.522 0.959 (2019, 5, 24)
 5 28 31 33 49 |  1  2 | 6.331 1.187 0.452 0.844 0.786 0.903 0.769 0.780 0.916 0.941 0.827 0.960 (2016, 4, 22)
 7 14 31 35 46 |  1  2 | 0.000 0.692 1.780 0.886 1.020 0.950 0.780 0.784 0.984 1.039 0.817 0.965 (2017, 5, 12)
 2  4 17 20 46 |  1  8 | 0.000 1.661 0.712 0.768 0.915 1.015 0.952 0.923 0.968 1.032 0.938 0.965 (2017, 6, 2)
 6 12 35 39 49 |  4  9 | 0.000 0.620 1.418 0.948 0.860 0.868 0.951 0.991 0.903 0.922 1.010 0.965 (2019, 1, 11)
18 21 37 43 47 |  1  3 | 0.000 0.744 1.275 1.022 0.891 0.904 0.752 0.820 0.935 0.927 0.863 0.966 (2019, 4, 19)
13 19 20 27 41 |  5  9 | 0.000 1.146 0.327 1.100 0.904 1.030 0.786 0.804 0.967 1.106 0.779 0.968 (2015, 1, 9)
 6 22 33 46 49 |  1  5 | 3.288 0.616 1.174 0.818 0.922 1.022 0.899 0.909 1.005 1.013 0.910 0.968 (2017, 4, 14)
10 11 25 32 49 |  5  9 | 0.000 2.100 1.200 0.747 1.279 1.237 0.792 0.775 1.062 1.129 0.747 0.969 (2014, 12, 19)
15 20 24 44 49 |  7  9 | 0.000 0.000 1.263 0.943 0.734 0.742 0.803 0.857 0.866 0.839 0.911 0.969 (2019, 3, 22)
15 16 17 23 30 |  6  9 | 5.057 0.632 1.264 0.787 0.868 0.959 0.877 0.865 0.952 1.053 0.869 0.969 (2017, 7, 7)
 3 26 31 33 50 |  3  9 | 0.000 0.000 1.029 0.768 0.813 0.861 0.914 0.978 0.931 0.934 0.979 0.969 (2015, 3, 27)
 8 24 25 30 50 |  4  6 | 0.000 0.205 0.470 0.877 0.870 0.854 1.000 1.087 0.902 0.901 1.156 0.970 (2015, 5, 1)
 9 15 20 24 34 |  1  5 | 0.000 1.574 0.675 0.755 0.857 0.894 0.964 0.957 0.925 0.952 0.960 0.971 (2017, 12, 8)
 3  8 30 46 48 |  1  3 | 0.000 1.674 0.319 0.674 0.805 0.789 0.797 0.866 0.905 0.869 0.904 0.972 (2019, 7, 26)
 2 21 30 39 43 |  5  7 | 9.282 2.901 1.326 1.238 0.962 0.802 1.115 1.142 0.912 0.810 1.276 0.973 (2014, 12, 26)
21 24 26 34 47 |  4  6 | 0.000 0.312 0.356 0.953 0.888 0.868 1.117 1.113 0.968 0.937 1.108 0.974 (2019, 9, 27)
 1  6 16 28 38 |  1  6 | 0.000 0.865 0.247 1.783 0.936 0.860 1.436 1.049 0.941 0.939 0.909 0.975 (2015, 5, 29)
 1  4 14 32 48 |  5  6 | 0.000 1.579 0.902 0.973 0.802 0.835 0.902 0.941 0.905 0.897 0.987 0.975 (2015, 1, 16)
 1 24 25 31 38 |  1  7 | 0.000 0.000 0.672 0.808 0.843 0.758 0.931 0.993 0.913 0.871 1.009 0.975 (2017, 6, 16)
 3 38 39 41 45 |  3  5 | 0.000 0.000 0.636 0.871 0.733 0.664 0.984 1.092 0.881 0.785 1.226 0.977 (2017, 4, 28)
22 25 41 45 49 |  2  5 | 0.000 0.000 0.723 1.020 0.847 0.734 1.118 1.175 0.927 0.815 1.255 0.980 (2014, 11, 14)
13 21 25 34 35 |  5 10 | 0.000 0.479 1.096 0.767 0.966 1.047 0.918 0.932 0.996 1.107 0.884 0.980 (2020, 7, 17)
14 27 28 35 47 |  1  8 | 0.000 0.481 0.825 0.753 1.076 1.308 0.972 0.960 1.059 1.167 0.985 0.980 (2015, 6, 26)
 8 23 24 39 50 |  1  5 | 0.000 1.283 0.489 0.882 0.903 0.849 0.927 0.956 0.938 0.984 1.009 0.981 (2015, 5, 22)
 6 27 30 35 41 |  4  5 | 0.000 0.819 0.624 0.698 0.874 0.820 0.794 0.885 0.938 0.865 0.934 0.981 (2020, 1, 3)
 9 11 19 42 45 |  7 10 | 0.000 1.875 2.142 0.853 0.915 1.062 0.737 0.741 0.997 1.101 0.745 0.981 (2016, 2, 26)
 1 10 25 39 44 |  1  2 | 0.000 1.462 1.670 1.143 0.877 0.860 0.857 0.845 0.963 0.908 0.846 0.982 (2015, 3, 13)
 1 18 23 33 41 |  2  6 | 0.000 0.454 0.951 0.753 0.849 0.888 0.944 1.008 0.930 0.970 1.030 0.983 (2020, 4, 17)
 1 18 26 40 47 |  3  4 | 0.000 1.897 1.084 0.836 0.863 0.806 0.812 0.908 0.909 0.820 0.989 0.984 (2015, 4, 10)
 2 22 33 38 47 |  2  9 | 0.000 0.990 0.848 1.267 1.041 0.948 1.202 1.133 0.985 0.977 1.093 0.986 (2020, 6, 19)
 5 17 28 40 44 |  1  8 | 0.000 0.363 1.038 0.956 0.930 1.073 0.948 0.961 0.988 1.025 0.976 0.986 (2017, 10, 6)
11 12 26 28 37 |  8 10 | 0.000 0.000 1.519 0.819 0.894 1.153 0.755 0.720 0.959 1.170 0.702 0.987 (2016, 6, 10)
 2 20 23 29 50 |  4  5 | 0.000 0.393 2.468 0.866 0.798 0.791 0.859 0.924 0.913 0.876 0.954 0.987 (2017, 10, 27)
11 19 24 46 49 |  1  5 | 0.000 1.963 1.122 0.907 0.938 1.016 0.984 1.002 0.954 0.964 1.007 0.987 (2015, 7, 31)
 1 14 17 24 50 |  8  9 | 5.686 1.066 0.406 0.935 0.858 0.888 0.745 0.743 0.935 0.979 0.754 0.988 (2017, 11, 10)
 4 10 26 33 48 |  5  9 | 0.000 2.017 2.881 1.614 1.132 1.233 1.059 1.036 0.999 1.074 1.015 0.992 (2016, 5, 27)
11 14 35 44 45 |  5  6 | 4.784 1.196 0.342 0.936 0.821 0.769 0.940 0.974 0.913 0.868 0.990 0.992 (2015, 1, 1)
 6 13 15 34 35 |  1  5 | 0.000 0.851 0.810 0.857 0.937 0.962 0.917 0.923 0.984 1.022 0.912 0.995 (2020, 4, 24)
 6 11 12 21 41 |  1  2 | 2.201 0.550 0.786 1.105 0.972 0.947 1.065 0.886 1.038 1.034 0.829 0.995 (2020, 5, 1)
16 18 34 36 49 |  6  8 | 0.000 1.466 1.117 0.730 1.060 0.945 0.967 0.938 1.000 0.917 0.936 0.995 (2015, 10, 23)
 9 14 28 30 37 |  3 10 | 0.000 0.864 1.605 1.014 1.044 1.115 0.875 0.832 1.029 1.089 0.826 0.996 (2020, 3, 20)
 4 14 25 34 49 |  4  9 | 0.000 0.488 1.255 0.954 0.930 0.887 1.105 1.066 1.020 0.969 1.047 0.998 (2020, 1, 10)
12 35 36 39 47 |  3  6 | 0.000 0.000 0.238 1.187 0.961 0.887 1.218 1.267 0.999 0.922 1.277 1.000 (2015, 7, 10)
 1  8 15 19 37 |  7  9 | 0.000 1.088 1.555 0.348 0.885 1.166 0.675 0.683 1.019 1.145 0.668 1.001 (2014, 12, 12)
14 16 21 30 37 |  4  8 | 0.000 1.053 0.602 1.273 0.937 1.003 1.178 1.214 1.006 0.956 1.237 1.001 (2019, 4, 12)
 6 14 20 26 46 |  2  4 | 0.000 1.214 0.555 1.019 1.030 1.015 0.973 0.974 1.028 0.968 0.991 1.002 (2016, 7, 22)
 2 12 15 29 44 |  7 10 | 0.000 1.134 1.080 0.860 1.010 1.148 0.775 0.782 1.045 1.111 0.745 1.002 (2017, 9, 29)
 9 16 17 29 39 |  1  8 | 0.000 1.136 1.299 0.889 1.008 1.144 0.962 0.922 1.067 1.151 0.904 1.002 (2020, 6, 5)
10 17 32 36 47 |  2  5 | 0.000 0.395 0.677 1.012 0.899 0.920 1.147 1.119 0.966 0.918 1.146 1.003 (2017, 9, 22)
 7 16 22 30 48 |  2  8 | 0.000 0.806 0.922 1.300 0.990 0.911 1.182 1.210 0.984 0.978 1.219 1.003 (2020, 6, 12)
 6 29 38 45 47 |  2  3 | 0.000 1.436 0.957 0.970 0.958 0.859 0.724 0.779 0.962 0.865 0.838 1.003 (2019, 2, 1)
 6 15 18 21 38 |  1  4 | 0.000 0.874 0.999 0.870 1.069 1.088 0.866 0.874 1.019 1.058 0.857 1.004 (2016, 8, 12)
15 28 30 37 43 |  2  5 | 0.000 1.464 1.171 1.062 0.998 0.949 1.093 1.090 1.012 0.970 1.117 1.006 (2016, 9, 16)
14 16 28 34 35 |  3  9 | 6.112 2.292 1.746 0.978 1.095 1.060 1.219 1.153 1.118 1.095 1.155 1.006 (2016, 10, 21)
 7  8 20 35 38 |  5  9 | 0.000 0.758 0.722 0.683 0.861 0.881 0.947 1.014 0.955 0.967 1.001 1.007 (2019, 6, 7)
19 23 26 27 49 |  3 10 | 5.764 0.360 1.029 0.615 0.855 0.881 0.756 0.751 0.978 1.057 0.758 1.008 (2015, 11, 13)
10 12 35 36 43 |  2  5 | 0.000 1.371 0.940 0.916 0.959 0.860 1.097 1.100 0.963 0.917 1.125 1.009 (2019, 5, 31)
14 16 32 34 47 |  7  9 | 3.725 1.397 1.197 0.977 1.063 1.032 0.921 0.931 1.042 0.976 0.926 1.009 (2020, 6, 26)
 9 20 27 35 48 |  5  9 | 0.000 1.085 0.930 0.849 0.983 1.011 1.157 1.061 0.999 0.977 1.014 1.009 (2020, 8, 14)
20 27 33 35 46 |  5  9 | 0.000 1.197 1.197 1.447 1.207 0.964 1.213 1.034 1.167 0.978 1.004 1.011 (2019, 5, 17)
 7 20 21 33 41 |  1  2 | 0.000 0.910 2.081 0.906 1.141 1.136 0.791 0.826 1.053 1.060 0.819 1.011 (2016, 2, 12)
 1 16 18 29 44 |  2  7 | 5.263 1.645 0.376 1.146 0.889 0.791 1.210 1.264 0.967 0.892 1.338 1.013 (2015, 2, 20)
 4 18 35 41 43 |  4  5 | 0.000 1.555 1.111 1.023 1.035 0.822 0.982 1.058 0.977 0.853 1.097 1.014 (2014, 11, 21)
 2  9 23 36 47 |  2  9 | 0.000 1.143 2.122 1.564 1.202 1.223 1.355 1.189 1.050 1.085 1.056 1.017 (2019, 1, 18)
24 25 28 35 48 |  4  8 | 0.000 0.809 0.616 1.131 0.828 0.805 1.267 1.319 0.962 0.889 1.298 1.017 (2019, 1, 25)
12 34 36 47 48 |  5  7 | 0.000 0.556 0.318 1.186 0.987 0.905 1.199 1.114 1.050 0.951 1.144 1.019 (2020, 7, 3)
15 19 34 39 49 |  2  7 | 0.000 0.727 0.415 0.999 0.950 0.880 1.127 1.166 0.998 0.954 1.211 1.020 (2020, 10, 2)
 5 16 20 29 30 |  2  7 | 0.000 1.217 1.855 1.125 1.070 0.975 1.236 1.210 1.015 0.958 1.232 1.021 (2017, 12, 1)
 7 20 35 42 44 |  3  7 | 0.000 0.193 0.442 1.059 0.917 0.811 1.457 1.548 0.984 0.887 1.599 1.021 (2019, 8, 16)
 3 11 13 15 23 |  1  9 | 5.075 2.220 6.706 0.767 1.342 1.633 1.065 0.903 1.205 1.455 0.840 1.023 (2017, 5, 26)
 8 11 23 41 42 |  6  8 | 0.000 0.731 0.209 0.780 1.035 0.974 0.960 1.000 1.046 0.995 0.992 1.025 (2017, 5, 5)
 3 21 22 33 47 |  2  9 | 0.000 1.000 1.000 1.387 1.030 1.074 1.239 1.156 1.043 1.073 1.119 1.025 (2019, 9, 13)
14 16 26 34 38 |  2  8 | 0.000 2.293 1.048 1.957 1.419 1.296 1.493 1.309 1.120 1.072 1.298 1.026 (2015, 12, 4)
 3  4 17 41 47 |  2  5 | 6.467 0.000 0.462 0.834 0.868 0.900 1.082 1.160 0.953 0.953 1.160 1.026 (2017, 11, 17)
 3  7 16 18 25 |  2 10 | 0.000 1.081 1.852 0.896 1.343 1.587 0.881 0.829 1.135 1.433 0.793 1.027 (2017, 3, 3)
 3 19 26 29 36 |  4  9 | 7.146 0.447 0.255 0.794 0.897 0.979 0.966 0.961 1.031 1.073 0.933 1.028 (2016, 1, 22)
 1  6 11 17 38 |  4  8 | 0.000 0.220 1.006 1.284 0.948 1.008 1.193 1.216 1.018 1.034 1.240 1.028 (2019, 4, 26)
15 19 20 45 49 |  7  8 | 0.000 1.185 0.000 0.885 0.835 0.740 0.823 0.877 0.927 0.825 0.901 1.030 (2019, 10, 4)
10 25 35 37 43 |  5  8 | 0.000 0.473 0.270 0.807 0.996 0.852 1.261 1.301 0.995 0.922 1.245 1.034 (2016, 2, 5)
 9 11 15 36 43 |  8  9 | 4.292 1.073 1.226 0.877 1.003 0.984 0.770 0.778 1.029 0.972 0.778 1.034 (2020, 5, 8)
11 19 27 32 42 |  5  9 | 0.000 1.122 1.282 1.543 1.288 1.201 1.126 1.004 1.119 1.117 0.945 1.034 (2015, 12, 18)
12 23 37 41 46 |  3  7 | 5.969 1.492 0.213 2.016 1.049 0.870 1.692 1.659 1.029 0.904 1.649 1.034 (2015, 9, 4)
10 19 24 30 39 |  2  4 | 0.000 1.196 0.598 0.808 0.996 0.989 0.972 1.014 1.008 0.984 0.994 1.037 (2019, 11, 15)
 1  7 27 28 41 |  2  6 | 0.000 1.416 0.270 0.872 0.852 0.835 1.023 1.146 0.981 0.998 1.170 1.042 (2015, 8, 14)
 8  9 33 34 36 |  3  9 | 0.000 1.052 0.601 0.873 0.818 0.858 1.058 1.269 0.927 0.890 1.243 1.042 (2015, 12, 25)
 4  8  9 33 43 |  5  9 | 0.000 0.824 0.942 0.616 0.907 0.866 0.937 1.007 0.980 1.010 0.987 1.045 (2016, 8, 26)
 5 34 37 43 48 |  2  4 | 0.000 0.838 0.718 0.655 0.903 0.814 0.934 0.997 1.000 0.889 1.048 1.045 (2015, 4, 3)
 5 23 25 35 40 |  5  8 | 0.000 0.729 0.625 1.529 0.933 0.810 1.406 1.301 1.113 0.949 1.261 1.046 (2017, 1, 20)
 2 13 14 30 32 |  1  3 | 0.000 1.458 1.111 0.726 0.918 0.880 0.974 1.010 0.989 0.930 1.001 1.048 (2015, 1, 23)
13 23 31 42 44 |  2  5 | 9.507 0.891 0.509 1.035 1.136 1.007 1.134 1.158 1.050 0.987 1.162 1.048 (2017, 2, 10)
 5 23 28 38 49 |  3  9 | 0.000 0.000 1.262 1.158 1.017 0.951 1.148 1.207 1.044 0.988 1.204 1.049 (2020, 9, 4)
 3  9 25 31 49 |  8  9 | 0.000 1.233 2.349 0.672 1.270 1.195 0.707 0.704 1.085 1.054 0.697 1.050 (2017, 7, 14)
 1  5 17 39 46 |  6  7 | 0.000 0.822 0.705 0.702 1.020 0.914 0.860 0.878 1.018 0.938 0.869 1.050 (2016, 4, 15)
 4 17 27 33 46 |  3  9 | 0.000 1.738 1.703 1.589 1.218 1.209 1.241 1.121 1.119 1.121 1.065 1.051 (2015, 4, 24)
 1  2  5 24 47 |  3  8 | 0.000 0.984 0.562 0.944 0.916 0.884 1.281 1.319 1.036 1.008 1.373 1.051 (2016, 1, 8)
 1 17 29 39 42 |  7  8 | 0.000 0.608 0.927 0.808 1.034 0.853 0.880 0.897 1.040 0.897 0.919 1.051 (2020, 3, 13)
 8 11 22 38 41 |  4  7 | 3.809 1.667 1.224 1.812 1.194 1.111 1.620 1.481 1.088 1.035 1.437 1.054 (2020, 8, 28)
 2  4  8 22 24 |  3  9 | 0.000 2.513 3.829 1.310 1.370 1.857 1.251 1.128 1.148 1.331 1.076 1.055 (2015, 11, 6)
 6 12 15 20 30 |  3  6 | 5.544 0.693 1.782 1.873 1.312 1.156 1.565 1.344 1.134 1.033 1.260 1.056 (2015, 7, 24)
 7 10 25 39 42 |  3  6 | 2.385 1.193 0.937 1.293 1.129 1.129 1.253 1.197 1.069 1.037 1.191 1.057 (2016, 10, 14)
 2  3 24 25 34 |  6  8 | 0.000 0.728 0.970 0.776 0.887 0.956 0.901 0.964 0.957 1.018 0.984 1.059 (2016, 12, 16)
13 18 20 35 46 |  7  8 | 0.000 1.362 0.584 0.726 0.915 0.809 0.829 0.858 1.035 0.891 0.884 1.062 (2017, 3, 10)
11 19 24 33 39 |  1  4 | 0.000 0.522 2.086 1.131 1.167 1.219 0.900 0.893 1.112 1.176 0.864 1.063 (2020, 10, 30)
 7 18 19 40 49 |  5  6 | 0.000 2.338 1.113 1.025 1.455 1.115 0.951 0.967 1.072 1.015 0.974 1.064 (2017, 2, 17)
 1  9 15 22 49 |  4  7 | 0.000 1.487 0.850 1.199 1.108 0.961 1.500 1.496 1.084 0.987 1.501 1.064 (2015, 8, 7)
27 35 36 38 48 |  2  3 | 0.000 0.000 1.159 0.807 0.952 0.786 0.832 0.829 1.003 0.866 0.843 1.065 (2017, 7, 21)
 1 11 17 23 29 |  1  8 | 0.000 1.589 1.426 1.469 1.583 1.517 1.130 1.020 1.173 1.184 0.935 1.066 (2020, 10, 9)
 4  9 15 24 42 |  8  9 | 0.000 1.180 1.011 0.755 1.083 1.023 0.769 0.778 1.100 1.057 0.766 1.068 (2019, 3, 29)
15 22 29 33 47 |  3  7 | 10.517 1.643 1.315 3.178 1.325 1.254 1.963 1.695 1.158 1.029 1.622 1.069 (2017, 9, 15)
 5 12 26 47 50 |  2  3 | 0.000 0.245 1.262 0.907 1.049 0.943 0.842 0.854 1.053 0.944 0.886 1.071 (2020, 11, 6)
 1  7 23 25 45 |  5  8 | 0.000 1.015 1.740 1.408 1.104 1.280 1.146 1.189 1.117 1.129 1.174 1.071 (2016, 9, 23)
 3 10 25 32 43 |  1  3 | 0.000 1.318 0.942 1.031 1.154 1.068 0.921 0.949 1.110 1.039 0.926 1.074 (2019, 1, 4)
 5 12 20 29 48 |  7  9 | 0.000 0.967 1.215 1.059 1.115 1.044 1.023 0.969 1.124 1.033 0.971 1.075 (2020, 1, 24)
 7 16 18 19 24 |  1  6 | 0.000 1.112 1.112 1.067 1.144 1.394 1.144 1.141 1.158 1.399 1.052 1.075 (2019, 3, 1)
 1  2 11 19 47 |  2  7 | 3.604 1.351 1.287 1.586 1.075 0.958 1.381 1.309 1.109 0.975 1.227 1.076 (2019, 3, 15)
17 23 27 30 39 |  6  8 | 0.000 1.477 0.844 1.015 1.041 1.045 0.967 0.972 1.108 1.070 0.970 1.078 (2015, 6, 12)
13 14 23 26 31 |  3  9 | 6.255 0.391 0.894 0.945 0.928 0.916 1.101 1.183 1.060 1.040 1.119 1.078 (2015, 10, 9)
18 25 26 35 38 |  5  6 | 4.928 0.308 1.232 1.029 1.166 1.066 1.023 1.034 1.114 1.020 0.978 1.079 (2019, 6, 28)
 8 12 13 39 44 |  4  9 | 0.000 0.560 0.800 1.414 1.025 1.054 1.079 1.110 1.049 1.075 1.066 1.080 (2019, 10, 11)
 4  9 15 24 28 |  2  6 | 5.651 1.236 1.413 1.394 1.283 1.315 1.202 1.121 1.117 1.151 1.048 1.080 (2020, 8, 7)
 2  7  8 43 50 |  2  3 | 0.000 0.647 1.202 0.725 0.864 0.772 0.855 0.892 1.016 0.867 0.900 1.083 (2020, 4, 10)
13 14 21 23 40 |  1  3 | 0.000 0.674 0.770 0.959 0.945 0.811 1.003 0.991 1.013 0.940 0.959 1.083 (2017, 8, 11)
12 15 19 29 48 |  7  9 | 0.000 0.700 0.600 0.796 0.994 1.031 0.948 0.898 1.100 1.034 0.875 1.085 (2017, 1, 27)
 3  9 10 19 42 |  1  7 | 0.000 0.185 0.634 1.091 1.072 1.131 1.144 1.052 1.141 1.150 0.984 1.085 (2019, 5, 3)
 5  6  9 15 29 |  4  9 | 0.000 1.028 1.616 1.188 1.226 1.287 1.119 1.106 1.186 1.188 1.072 1.087 (2020, 7, 10)
13 17 20 24 47 |  5  8 | 0.000 2.053 0.938 1.518 1.057 1.068 1.309 1.296 1.100 1.059 1.235 1.091 (2017, 6, 9)
 1  3 11 18 31 |  3  6 | 0.000 1.692 0.580 1.492 1.472 1.177 1.450 1.342 1.197 1.077 1.317 1.092 (2017, 6, 30)
16 18 19 23 44 |  1  3 | 0.000 2.080 0.951 0.887 0.967 0.971 0.885 0.973 1.042 0.990 0.961 1.093 (2016, 6, 17)
 1  4  6 12 13 |  1  6 | 0.000 4.840 0.922 2.754 1.716 1.516 1.683 1.126 1.259 1.190 0.934 1.093 (2016, 10, 28)
13 19 23 34 41 |  3  8 | 0.000 0.768 0.659 1.462 1.155 1.032 1.479 1.424 1.127 1.033 1.341 1.095 (2020, 3, 27)
 2  5 10 13 28 |  3 10 | 0.000 2.556 2.191 1.068 1.576 1.612 0.937 0.851 1.249 1.318 0.780 1.097 (2016, 3, 4)
12 22 24 29 38 |  5  6 | 0.000 0.984 0.984 1.347 1.147 1.230 1.080 1.033 1.158 1.180 0.975 1.098 (2020, 2, 28)
 3 16 25 38 45 |  7  8 | 0.000 2.845 1.084 0.629 1.503 1.174 0.831 0.874 1.188 1.034 0.879 1.100 (2017, 3, 17)
13 27 30 42 46 |  3  4 | 0.000 0.765 0.655 0.979 1.181 0.972 0.961 0.953 1.134 0.939 0.974 1.101 (2016, 12, 23)
17 21 23 37 45 |  7  9 | 0.000 1.957 1.278 1.213 1.301 1.150 1.112 1.035 1.187 1.048 0.975 1.102 (2020, 10, 23)
 5 11 12 30 40 |  2  5 | 0.000 0.000 0.251 1.687 1.096 0.967 1.286 1.253 1.143 1.013 1.179 1.104 (2016, 8, 5)
 5 15 16 36 37 |  3  5 | 0.000 0.454 1.296 1.258 0.974 0.835 1.204 1.322 1.000 0.846 1.291 1.105 (2015, 10, 30)
11 17 20 22 29 |  4  6 | 0.000 0.586 1.340 1.376 1.060 1.090 1.490 1.414 1.133 1.068 1.348 1.107 (2014, 10, 10)
 7  9 28 39 47 |  2  8 | 0.000 1.749 1.999 1.617 1.368 1.275 1.692 1.507 1.137 1.120 1.382 1.108 (2015, 10, 2)
 5  8 33 34 46 |  3  8 | 0.000 2.050 0.703 0.991 1.055 0.898 1.328 1.470 1.083 0.920 1.426 1.110 (2015, 8, 28)
 3  4  8 11 41 |  2  8 | 0.000 0.000 0.767 1.305 1.023 0.956 1.430 1.477 1.165 1.002 1.449 1.112 (2015, 1, 30)
 7 12 28 34 45 |  3  6 | 0.000 0.879 1.508 1.751 1.363 1.300 1.473 1.311 1.217 1.127 1.238 1.114 (2019, 12, 27)
 7 11 19 32 43 |  2  8 | 0.000 1.549 1.517 2.344 1.390 1.429 1.664 1.391 1.232 1.211 1.259 1.118 (2020, 7, 24)
 6 19 23 33 34 |  4  7 | 0.000 1.528 0.582 1.340 1.073 0.895 1.523 1.592 1.101 1.030 1.529 1.123 (2016, 5, 20)
 1  7 12 16 18 |  1  4 | 0.000 0.000 1.477 1.576 1.402 1.292 0.995 0.975 1.224 1.197 0.896 1.124 (2017, 12, 15)
11 16 18 22 43 |  7  8 | 6.582 0.823 1.175 0.702 1.006 0.837 0.878 0.902 1.097 0.953 0.900 1.130 (2017, 11, 24)
 7 16 22 36 44 |  3  4 | 2.225 1.947 1.113 1.276 1.406 1.190 0.988 0.977 1.205 1.055 0.962 1.132 (2020, 2, 7)
 3 19 28 43 49 |  2  3 | 0.000 0.792 0.792 1.057 1.185 1.003 0.889 0.885 1.144 0.957 0.883 1.139 (2020, 7, 31)
 9 10 19 20 35 |  3  4 | 3.203 1.201 1.029 1.267 1.270 1.067 1.140 1.022 1.237 0.984 0.984 1.143 (2016, 3, 25)
 3  7 13 41 48 |  1  7 | 0.000 1.480 0.564 1.018 1.149 0.945 1.267 1.159 1.255 1.066 1.065 1.144 (2015, 9, 18)
 4  5 17 39 47 |  3  4 | 0.000 1.270 0.544 1.061 1.077 0.905 0.982 0.994 1.165 0.946 0.998 1.150 (2017, 2, 3)
 3 15 22 26 37 |  2  4 | 0.000 3.422 0.652 1.501 1.394 1.059 1.325 1.203 1.237 1.034 1.167 1.150 (2014, 10, 24)
 3 12 24 37 38 |  3  7 | 6.817 1.136 1.542 2.535 1.437 1.233 2.314 1.888 1.286 1.111 1.661 1.150 (2019, 11, 22)
 7 22 27 30 31 |  5  7 | 0.000 1.999 0.857 1.244 1.146 0.858 1.333 1.454 1.144 0.928 1.346 1.156 (2015, 9, 11)
 6 14 19 27 35 |  2  4 | 0.000 1.857 1.698 1.954 1.621 1.385 1.279 1.140 1.313 1.191 1.048 1.161 (2017, 6, 23)
 5  8 21 24 26 |  4  5 | 3.432 0.858 0.736 1.236 1.197 1.103 1.080 1.040 1.212 1.070 0.990 1.163 (2019, 2, 8)
 1  7 13 19 20 |  6  8 | 0.000 2.694 4.618 1.396 1.986 2.253 1.176 1.035 1.325 1.416 0.971 1.164 (2017, 2, 24)
 5  6 13 20 33 |  3  8 | 0.000 1.873 0.178 2.064 1.258 1.132 1.550 1.476 1.251 1.104 1.352 1.171 (2015, 4, 17)
 5 13 25 33 35 |  4  8 | 0.000 1.428 1.632 1.896 1.561 1.514 1.829 1.544 1.383 1.333 1.400 1.173 (2014, 11, 7)
 3  5 13 16 30 |  3  6 | 0.000 0.478 0.273 1.800 1.297 1.055 1.597 1.537 1.281 1.065 1.386 1.176 (2015, 9, 25)
10 12 28 29 49 |  3  4 | 0.000 0.426 0.487 1.272 1.162 0.988 1.052 1.037 1.187 0.996 1.005 1.176 (2016, 2, 19)
 7 12 14 40 42 |  7  8 | 0.000 0.283 1.131 0.925 1.118 0.880 0.905 0.954 1.145 0.938 0.934 1.177 (2020, 9, 18)
 3  4  9 19 28 |  1  7 | 0.000 0.789 2.930 1.430 1.501 1.635 1.304 1.171 1.332 1.355 1.044 1.178 (2017, 9, 1)
 9 16 17 20 32 |  2  3 | 0.000 0.524 0.599 0.932 1.013 0.817 1.018 0.938 1.167 0.923 0.924 1.179 (2015, 3, 6)
 5  7 15 19 29 |  3  8 | 4.791 1.647 1.540 1.586 1.489 1.378 1.639 1.513 1.290 1.238 1.348 1.193 (2019, 5, 10)
 1  7 12 23 39 |  3  4 | 0.000 0.655 1.403 0.896 1.249 1.064 1.064 1.013 1.297 1.110 0.967 1.204 (2020, 1, 31)
 3  7 27 43 46 |  3  8 | 0.000 1.010 0.866 1.437 1.201 0.947 1.608 1.523 1.277 1.024 1.450 1.209 (2014, 10, 31)
14 24 27 35 39 |  7  8 | 0.000 1.163 0.997 0.786 1.481 1.232 1.085 1.000 1.358 1.079 0.994 1.223 (2014, 10, 17)
 9 11 13 35 38 |  5  7 | 0.000 1.433 0.819 1.427 1.157 1.017 1.585 1.519 1.271 1.045 1.405 1.236 (2015, 3, 20)
 7 14 23 27 35 |  3  5 | 12.844 5.619 2.752 2.706 2.249 1.671 1.805 1.378 1.553 1.271 1.197 1.248 (2017, 1, 6)
 2  7 13 26 49 |  3  4 | 0.000 0.987 1.691 1.158 1.570 1.331 1.109 1.069 1.447 1.143 1.001 1.284 (2015, 11, 27)
